1
373.258	826.304	2395.54	1462.59	838.736	-0.227639	0.592909	-0.52019	-0.146146	-0.117527	
1
199.171	751.702	2794.94	1534.25	1006.89	-0.0933703	0.274105	-0.574403	-0.00438881	0.37994	
1
388.518	867.708	2840.36	1414	874.448	0.215804	0.624514	-0.919084	0.29541	1.0122	
1
631.216	1312.88	3092.84	648.679	1627.34	-0.170628	0.889402	-0.809441	1.43097	-0.374406	
1
1068.36	1284.26	1754.87	1148.69	1159.09	0.0983796	0.301071	-1.24594	0.603867	0.1741	
1
677.055	1965.47	1490.32	417.513	915.875	0.431879	-0.487694	-0.258336	0.307332	0.365105	
2
370.955	1299.44	1594.51	1172.47	612.108	0.728393	-0.407475	-0.447604	0.336301	0.831911	
3
592.333	855.551	1415.05	1139.88	1273.57	1.15213	-0.0958874	-0.70242	0.0181134	0.900052	
4
504.116	439.665	1544.89	664.744	1062.95	0.87228	-0.78354	-0.045007	0.480427	0.934372	
5
613.897	767.996	835.926	481.292	1163.08	0.821305	-1.56973	-0.768866	1.25584	0.490145	
6
415.058	415.589	936	358.143	990.606	0.764158	-0.42341	-0.150584	0.484634	-0.0109639	
7
532.371	1536.6	224.361	632.809	643.545	1.56503	-1.44056	0.058377	0.182941	-0.681868	
8
624.996	1513.93	687.019	465.691	1913.32	1.74439	-0.503581	0.654943	1.47084	0.131377	
9
379.456	1223.17	979.838	164.932	586.309	1.3759	-0.794113	0.36928	-1.2123	1.08698	
10
279.874	618.649	740.658	1553.97	639.31	0.779813	-0.473237	0.783644	0.106375	-0.13122	
11
270.515	591.552	858.924	630.045	406.935	0.84198	-0.215405	0.02975	0.523979	-0.919038	
12
290.735	668.485	810.12	684.103	421.339	1.22673	-0.954297	-0.768958	0.772065	0.198649	
13
298.485	1579.54	1726.04	955.136	567.744	0.945203	-0.634836	0.100473	0.395028	0.176238	
14
340.968	2260	2241.22	927.278	641.998	0.722793	0.3503	-1.52785	1.48341	1.48043	
15
277.263	1215.12	1995.62	735.034	472.174	1.58007	-0.269751	-0.27399	-0.0722234	0.54079	
16
322.609	1073.32	972.771	817.057	477.514	0.945047	0.0448013	-1.00895	0.31901	0.0185509	
17
253.705	730.023	728.215	447.212	406.685	1.08493	-0.353727	-0.745584	0.971021	1.2652	
18
197.294	697.445	535.732	518.953	241.93	0.527991	-0.480646	-0.333949	0.692231	0.255837	
19
191.737	701.888	723.589	824.814	344.408	1.38197	-0.393709	-0.0564815	0.247091	-0.59553	
20
303.112	758.143	807.29	660.43	1218.57	1.51871	1.08821	-1.3538	-0.437331	-0.0697408	
1
352.352	577.979	596.755	329.879	623.64	1.12129	0.557672	-1.281	-0.0189271	0.614721	
2
216.293	448.356	642.008	411.04	645.063	1.36397	0.544985	-1.78968	-0.765728	0.421367	
3
181.278	290.013	859.405	502.838	696.401	0.941835	0.854053	-0.252892	-1.37867	0.587183	
4
199.645	306.518	342.294	276.539	782.469	0.90792	0.582826	0.134703	-0.914624	-0.227137	
5
134.606	246.76	308.41	312.729	912.677	0.873421	0.416484	0.500913	-0.260839	-0.471471	
6
161.886	396.671	512.247	924.878	578.474	0.988541	-0.0207322	0.846275	-0.489703	-0.5792	
7
258.758	425.431	581.166	839.651	1122.07	1.49102	-0.184139	0.859738	0.271318	-1.44271	
8
161.734	719.71	497.54	1501.52	1242.12	1.30728	0.958739	1.14722	0.0658277	-0.0346843	
9
115.452	150.601	243.093	649.154	186.298	1.20607	0.557332	-0.509767	-1.33305	-1.45775	
10
93.7517	157.523	204.222	745.682	673.93	0.0961288	0.190912	0.155829	0.14581	0.548983	
11
100.851	113.404	181.046	1028.02	339.834	1.04684	-0.664589	-0.801039	-0.169587	0.82128	
12
75.3466	198.158	238.106	597.858	105.507	1.33182	0.210661	1.06995	-0.215502	-0.164615	
13
86.7191	26.0435	654.502	750.256	208.329	0.431697	-0.118314	-0.101085	0.625786	0.240677	
14
175.072	226.18	832.269	1174.99	327.049	1.3779	0.555159	0.282319	-0.109341	0.357061	
15
101.322	169.882	592.041	513.035	232.974	0.646094	0.858324	0.164209	-0.315528	0.50333	
16
105.662	457.376	1068.61	532.371	366.545	1.06745	0.426607	0.0571763	0.415466	0.243885	
17
109.09	380.656	209.975	310.094	349.566	0.985834	0.437986	-0.522497	-0.101932	-1.05367	
18
177.505	570.153	439.096	757.936	1684.27	0.595668	1.51008	0.976509	0.243003	-1.62125	
19
188.162	495.885	524.956	655.661	1107.02	0.49786	0.53828	1.03555	0.59893	-0.893279	
20
122.678	176.886	290.094	66.4555	186.044	0.356269	0.320951	-0.0328888	-0.0459643	-0.208219	
21
282.296	501.787	150.217	576.449	56.7309	0.103099	0.767172	0.230673	0.0513254	-3.08095	
22
115.981	110.919	149.489	342.275	501.76	0.0329293	0.694525	-0.198187	-0.403027	-0.613218	
23
34.6228	66.2337	35.8098	106.473	139.686	0.824966	-0.45679	0.341626	-1.33344	-0.440604	
24
74.2315	152.082	85.8498	266.571	297.938	0.569461	-0.0757636	-0.0772702	0.299455	-0.348364	
25
95.5609	144.272	173.586	114.453	659.149	-0.101913	0.859687	0.739827	0.0941143	-0.757684	
26
487.699	642.215	249.298	148.998	1253.74	0.99312	0.257546	0.374189	0.47528	-0.711441	
27
347.97	340.26	340.668	405.546	314.844	0.818827	-0.270423	-0.11644	0.581984	-0.692785	
28
511.913	261.63	309.857	309.968	379.003	0.692371	0.305799	0.158958	0.465729	0.324988	
29
576.021	360.079	17.6093	355.04	337.117	0.352087	0.131868	-5.81331	0.105633	-0.482257	
30
668.996	581.252	321.64	553.672	209.257	0.952719	0.755674	0.673066	1.08493	-1.12504	
31
659.09	300.241	202.874	709.944	203.392	0.837817	1.45465	-0.314022	0.0768947	-0.982041	
32
774.071	564.805	283.202	925.683	235.232	1.28038	1.31808	0.788536	-0.818624	-0.147468	
33
603.517	898.492	1742.44	773.738	218.292	1.38353	0.343213	-0.264493	-0.173857	-0.185585	
34
269.739	689.132	1078.24	581.926	151.36	1.07624	1.00185	-0.0138116	0.42594	-3.00073	
35
109.631	368.283	507.706	497.106	142.225	1.48394	1.12971	-0.17624	0.95867	-2.55624	
36
145.255	429.352	977.005	534.538	241.722	1.02845	1.06118	-0.511863	0.0983511	-0.811196	
37
114.115	508.732	967.838	295.623	68.8667	1.37314	0.878987	-0.206952	0.2556	-0.260105	
38
109.87	319.94	531.984	426.303	206.129	1.10221	1.30053	0.601812	0.542279	-3.10455	
39
175.177	654.464	1211.04	629.457	283.22	1.14847	0.6342	-0.0157235	-0.00436044	-0.831092	
40
150.428	495.297	703.967	528.503	337.114	1.6486	1.67442	-0.0766719	-1.12011	-0.0998893	
41
222.158	471.154	818.757	1956.73	265.416	0.766101	1.11034	0.727875	-1.07202	-0.296427	
42
130.119	1194.47	953.983	686.646	151.159	0.800847	0.367042	-0.413216	0.810788	-1.58236	
43
157.568	713.644	574.048	310.614	128.64	0.114892	0.624587	-0.0628606	-0.0171626	-0.864348	
44
118.323	443.678	467.103	287.12	153.727	0.950033	0.711166	0.497844	-0.480657	-1.19504	
45
112.315	804.525	530.589	572.047	221.751	0.915528	0.842654	0.309251	0.733979	-0.640878	
46
194.928	532.054	432.559	480.36	123.333	1.54387	1.07414	-0.598598	-0.0464469	0.109195	
47
141.584	359.902	607.087	439.042	343.94	1.06698	1.8267	0.898293	-0.404279	0.114503	
48
158.093	425.576	577.62	542.34	998.146	0.935684	1.37806	0.515082	0.650843	-0.915356	
49
231.183	443.211	471.357	570.312	237.826	0.929613	1.29061	-0.0491287	1.082	-1.31171	
50
246.665	341.074	520.549	298.124	146.734	1.05396	0.841917	-0.139119	-0.620145	-0.700079	
51
183.431	290.974	405.646	729.489	140.452	1.65274	1.31787	-0.748334	0.16976	-0.482479	
52
271.14	156.784	380.032	308.233	103.678	0.532085	1.42075	0.718232	0.232586	-2.80531	
53
528.438	470.975	259.327	447.227	282.338	1.09585	0.0735144	0.522245	0.219091	-0.757088	
54
1252.43	166.603	359.494	354.475	173.404	0.719146	0.440982	0.389222	-0.857763	-1.69294	
55
1267.39	274.638	362.427	406.669	469.893	0.876062	0.534131	0.84346	-0.404405	-0.467163	
56
1234.61	493.305	271.582	394.659	440.483	0.648647	0.643786	0.777955	0.190411	0.475935	
57
648.84	264.074	103.426	105.215	59.3837	0.0763424	-0.262046	1.07672	0.0777811	-0.0323839	
58
731.814	148.66	169.244	351.436	108.981	-0.6787	0.705855	0.05937	0.781341	1.09654	
59
951.784	396.436	294.72	358.313	201.957	0.344427	0.804147	0.75195	1.04801	-0.444806	
60
1003.57	306.793	350.094	475.519	186.946	0.287251	0.896518	0.539845	0.603122	-0.165907	
61
1017.57	275.622	346.891	419.521	196.756	0.215502	0.447326	0.21536	0.272254	0.420418	
62
837.222	81.5795	460.825	458.922	422.344	0.235017	-0.139673	0.954988	-0.0844996	-0.798594	
63
1042.61	329.666	701.928	234.386	327.001	-0.200328	0.818691	1.25605	0.404846	-1.48872	
64
959.129	240.324	833.653	364.13	207.321	0.156537	1.01984	-0.369713	1.21735	0.0501128	
65
821.054	245.941	415.791	518.94	142.221	0.618449	0.245913	0.212257	-0.165278	-0.245582	
66
615.077	233.486	293.863	197.789	71.7219	0.370719	0.681456	0.509414	0.0521473	-2.76833	
67
567.826	311.667	372.366	271.628	222.079	0.419608	0.508003	0.456448	-0.412142	0.169938	
68
693.333	375.067	321.594	363.766	91.2002	0.244964	1.08061	0.240718	-0.173289	-0.66159	
69
499.69	319.604	312.382	235.451	120.978	0.438376	0.207626	1.5016	0.191887	-0.470968	
70
392.75	139.273	161.907	178.732	135.413	0.513001	0.272406	-0.0511764	-1.0375	0.686163	
1
237.261	116.531	219.092	90.6783	111.738	0.273819	0.724827	0.496937	0.169193	0.217082	
1
237.471	134.856	205.286	89.6523	111.586	0.16744	1.32225	0.00612594	0.917971	0.596407	
1
250.237	122.566	123.643	90.8062	118.075	-0.140766	0.137348	-0.511062	-0.667117	-0.487706	
2
324.692	169.754	911.793	117.222	176.286	0.425926	0.267502	-0.325676	-0.0103274	0.04622	
3
362.57	161.333	999.02	356.098	146.468	0.479016	0.223064	-0.66769	0.708543	-0.679841	
4
493.429	285.288	1268.47	534.748	787.147	0.252748	1.08043	-0.257827	0.518657	0.299579	
5
600.205	472.551	877.675	350.097	349.413	0.50269	-0.0496606	-0.570224	-0.191247	-0.44144	
6
711.693	636.024	1469.49	149.253	304.483	0.402815	0.63298	0.0175166	-1.12395	-0.194715	
7
713.584	745.55	850.173	302.76	49.5584	1.27524	-0.592408	-0.0823357	-0.814843	-1.71639	
8
863.442	83.6911	1914.61	71.276	1169.68	1.31976	-0.691569	-1.29404	0.226448	0.167589	
9
544.085	579.877	2456.42	425.253	2443.73	0.217953	-0.657555	-0.121504	-0.219017	0.340461	
10
542.033	350.706	2215.76	1490.54	2874.91	0.482984	0.544393	-0.382574	0.462928	-0.46736	
11
261.634	1634.99	2078.47	1170.95	2251.85	0.788775	0.623561	-0.142323	0.158963	-0.756224	
12
312.724	1582.18	1972	734.153	2995.45	0.647225	0.640499	-0.463437	-0.507235	-0.563785	
13
451.197	416.763	1391.85	685.895	3057.79	0.143139	0.60463	0.0731003	0.323697	-0.586104	
14
264.336	217	1056.72	269.31	2837.18	0.462317	-0.0204283	1.12949	-0.214938	-0.879102	
15
410.04	1567.07	1657.09	1135.53	3516.71	-0.314829	0.773652	1.16065	0.113338	-1.20988	
16
252.232	953.071	1251.71	2919.34	3402.13	-0.0154649	0.433327	1.15375	-0.115731	-0.0615189	
17
236.772	1086.84	1056.97	573.109	2446.43	0.706258	-0.555011	0.488802	0.162421	-0.835288	
18
85.137	1461.75	788.035	665.446	1971.4	0.0573448	0.798945	-0.48754	-0.901609	-0.980105	
19
126.268	747.526	1027.87	2530.16	3222.93	0.380885	0.956974	0.242304	-0.227767	-0.696259	
20
162.952	511.981	1684.03	3099.21	3923.29	-0.00399023	-0.0106762	0.816433	-0.447012	-0.477537	
21
141.185	460.976	1914.25	3220.37	1471.43	0.462401	0.758808	0.76719	-0.362755	-0.966431	
22
215.907	221.928	2288.89	2251.77	3292.68	0.58859	-0.603411	0.546257	-0.790533	-0.801037	
23
185.618	550.223	2292.4	3434.22	3373.26	-0.803562	0.644979	0.122442	-0.244669	-0.661973	
24
300.29	1324.87	3588.08	1491.5	4680.41	0.150889	0.67135	-0.225974	-0.599966	-0.390738	
25
395.068	2640.69	3275.82	3189.5	5157.69	0.605472	0.757833	0.497786	-1.05312	-0.257373	
26
549.67	2707.47	731.707	2614.95	3361.96	-0.211687	0.101777	0.50707	-0.0881707	-0.360784	
27
559.19	2387.46	1124.25	1377.01	3956.49	0.876051	-0.662281	0.45211	0.189766	-0.379284	
28
248.205	2477.51	2130.22	2242.29	4030.41	0.140523	-0.348813	0.425335	0.581502	-0.951854	
29
620.395	4502.55	2058.89	2046.88	4078.68	0.453182	-0.616981	0.491392	0.343756	-0.313573	
30
263.076	3411.22	2028.25	1985.87	3577.39	0.551297	0.256506	0.0651352	0.797268	-0.901254	
31
364.802	1735.27	1193.92	1201.03	1729.95	0.535839	-0.285649	0.408202	-0.207548	-1.42171	
32
342.857	3661.84	1663	1457.01	4176.16	0.545213	-0.449551	-0.143235	0.410118	-0.0493606	
33
1249.21	4122.67	1594.66	1568.83	4639.31	1.10006	0.191322	0.465916	0.0298555	-1.1851	
34
1353.97	1635.45	1846.55	3740.42	5533.08	0.530478	0.277721	0.776478	-0.171232	0.388457	
35
1177.7	272.144	718.961	1631.97	3998.94	0.958357	0.0759325	0.142367	0.124172	-1.32844	
36
833.281	180.93	1414.81	1995.3	4623.43	0.283557	0.396345	0.320129	0.398201	-0.73519	
37
840.073	613.213	852.661	2629.49	4329.55	0.754731	0.336128	0.995274	0.182489	-1.37738	
38
1151.99	411.768	418.27	2457.08	3419.45	0.413031	0.812666	0.0194072	0.437663	-0.884077	
39
959.407	1114.64	618.88	2936.85	3923.54	0.728429	0.593821	0.0858742	-0.403351	-0.423342	
40
195.118	573.355	1898.17	1979.65	3505.57	0.592251	0.792446	0.248631	-0.629394	-1.05983	
41
527.097	1104.44	1642.12	2615.93	4422.66	0.274913	0.639872	-0.0126487	-0.0125308	-0.316715	
42
703.511	1937.37	3942.3	2602.23	4647.59	0.901061	0.330466	0.234264	-0.110468	-1.0458	
43
935.6	941.125	2403.9	2189.31	3920.19	1.37871	-0.154011	0.117323	-0.565018	-0.539811	
44
637.013	2670.21	3659.07	2978.32	4129.04	0.879366	0.274527	0.100218	-0.344638	-0.888203	
45
840.86	2386.63	1253.75	3779.46	4936.37	0.760989	0.140649	-0.275383	-1.30756	-0.354336	
46
321.346	1368.9	850.459	2983.53	2945.68	0.0742121	0.375799	-0.0549121	-0.214422	-0.826358	
47
611.035	476.866	1252.05	4142.97	4440.03	0.943302	0.975305	0.0918973	0.0391086	-1.5566	
48
481.128	839.032	775.221	2164.9	3802.54	1.01182	0.729598	-0.568084	-0.600168	-0.926728	
49
835.246	1231.31	1285.81	4498.85	3374.65	1.07834	1.4012	0.375304	-0.152836	-1.64922	
50
388.391	1077.73	1070.38	2122.49	2476.5	1.09549	0.733115	-0.0610489	-0.779005	-1.73536	
51
886.033	981.469	620.918	3230.27	3695.23	0.273871	0.616741	0.158286	-0.128205	-0.947582	
52
649.647	1609.57	2930.95	3941.9	4295.12	0.82066	-0.607797	0.208864	-0.495726	-0.686312	
53
1055.86	1455.71	406.62	3209.14	3224.28	1.04972	0.842994	-0.732895	-0.924	-0.814031	
54
1127.03	420.788	2763.34	2949.3	4804.91	1.33987	-0.904261	0.605886	0.172455	-0.750611	
55
1180.19	209.323	1240.64	2594.97	2703.92	1.35906	0.0384834	-0.493426	-0.322012	-0.040211	
56
888.401	153.778	1867.31	2196.45	2497.8	0.726667	-0.909271	0.102915	0.0774201	-1.18317	
57
808.489	1924.53	3503.26	3661.25	4825.63	-0.137807	0.38164	-0.0747635	0.479158	-0.628681	
58
1908.57	1922.92	4329.26	4638.74	5074.93	0.72453	-0.26802	0.510942	0.290212	-0.281049	
59
2578.65	4829.1	1053.47	4021.64	3406.24	0.744847	-0.00420519	-0.184119	0.664939	-1.03834	
60
1709.53	4970.1	1179.32	3070.44	3192.73	1.29633	-0.604891	0.853699	-0.444164	-1.29338	
61
1860.72	3951.54	696.322	1849.46	3393.95	0.124239	-0.262082	0.0334225	1.227	-0.4091	
62
2178.91	4809.66	1399.1	2822.12	5604.26	0.00139794	-0.294	0.767114	0.589756	-0.14621	
63
2577.03	2021.94	694.887	1769.72	4589.88	1.19505	-0.488984	0.50225	-0.230117	-0.787122	
64
1671.55	3103.21	1680.19	1449.62	3777.45	0.13136	-0.886117	-0.246426	0.0970875	0.0767011	
65
1053.72	2066.43	1379.32	3402.13	3708.58	0.0685605	-0.0273315	0.295507	0.283075	-0.246368	
66
1495.26	1066.86	1188.29	3190.78	4711.95	1.20804	0.662132	0.504092	-0.35	-0.440089	
67
697.192	319.384	695.649	3209.45	4300.14	0.552539	0.477855	0.295958	-0.348414	-0.899533	
68
801.722	629.63	1749.01	2426.21	3857.87	0.690698	0.440975	-0.125505	0.318643	-1.39401	
69
554.488	608.831	919.787	1923.69	3800.61	0.742404	-0.162645	-0.387414	0.901502	-0.869611	
70
929.025	532.679	1146.56	3446.65	3382.58	0.892756	-0.957174	0.160659	0.0586982	-0.497204	
71
926.041	894.546	2828.68	4525.31	4776.08	0.68708	0.288918	0.293597	0.459388	-0.791449	
72
1366.27	1073.99	3106.52	4319.1	5375.57	0.805161	-0.26403	0.101673	0.662008	-0.448136	
73
826.658	1375.04	1229.9	1716.84	4227.59	0.0998328	0.917782	-0.367451	-0.0517326	-0.584156	
74
1152.19	752.268	1514.01	783.887	3674.11	1.33146	-0.262498	-0.409447	-1.47731	-0.0274435	
75
1130.21	874.673	1712.58	4131.33	3660.09	0.966148	0.0517967	0.0769014	-0.271524	-0.597029	
76
1216.62	712.839	741.747	3021.45	4445.76	-0.00195302	1.10768	-0.511163	-0.565289	-0.4502	
77
3234.69	1827.53	4071.71	1380.05	5163.13	1.19624	0.316751	-0.0723525	0.513291	-0.536271	
78
1897.6	2188.33	4620.55	1714.01	4496.61	-0.0296753	1.02136	-0.348152	0.262946	-0.554165	
79
1481.59	583.357	2974.9	1227.24	2611.88	0.886618	0.389944	-0.343441	-0.0129115	-1.02938	
80
1538.65	436.914	4003.08	141.996	3082.44	0.765158	0.525747	-0.238684	-0.295495	-0.64911	
81
986.439	401.584	1974.47	156.076	3905.29	1.30145	-0.0302523	-0.707235	0.551964	-0.774449	
82
1395.84	886.91	2934.26	323.916	4516.23	0.56703	0.294055	-0.57731	0.594943	-0.332416	
83
1503.31	478.676	2322.19	186.342	3797.93	0.852647	0.313531	-0.565239	0.466739	-0.594625	
84
1736.55	1594.54	3306.02	159.853	3880.92	0.16468	1.1558	-0.252437	-0.221155	-0.756274	
85
1174.61	632.518	1833.52	657.118	3891.93	0.0817676	0.304192	0.440175	-0.287991	-0.531994	
86
565.048	968.45	1485.12	934.256	2705.39	0.178376	1.10202	0.362925	0.434714	-1.13188	
87
834.089	508.794	1822.51	1547.2	4604.12	0.998639	0.776517	-0.953281	-0.00597551	-0.274294	
88
566.681	571.507	1268.29	1101.86	3022.29	1.30186	-0.196691	-0.248321	-0.567763	-1.25945	
89
748.818	305.952	1166.73	379.019	3100.95	0.923535	0.39036	0.257495	-0.980699	-1.37324	
90
763.46	109.628	2376.83	1584.97	3068.04	0.813578	0.465137	-1.26168	0.888694	-1.27814	
91
762.155	146.543	2241.23	1513.64	2013.03	1.02447	-0.0849388	0.469079	0.70475	-1.27743	
92
764.623	581.073	2169.74	2236.03	3796.22	0.239822	0.696946	0.778317	-0.134849	-1.26552	
93
1177.47	128.151	1193.82	2661.53	4282.09	0.799349	-0.266861	-0.436176	-0.384094	-0.39189	
94
1357.96	788.554	3269.6	2985.51	4813.62	1.22807	1.04456	0.429312	-0.831422	-1.19678	
95
1630.78	2460.4	1047.2	3009.98	3933.5	0.294968	1.12469	0.0208993	0.269876	-0.922138	
1
1174.43	2329.66	945.306	1013.45	3695.32	0.825396	-0.163237	-0.316312	-0.178607	-0.749412	
2
1326.96	3306.2	1148.51	1946.88	3863.77	1.08545	0.117301	-1.20869	0.180483	-1.22152	
1
1122.29	2196.54	1932.36	1407.78	3892.87	1.07411	-0.0892322	-0.277175	-0.748154	-0.56361	
2
1406.09	1703.25	1082.07	1435.87	3760.77	0.401715	-0.476461	-0.320471	0.814259	-0.912549	
3
1451.55	2072.39	1291.31	1341.78	3834.93	0.878489	0.64693	0.734487	0.122633	-1.45322	
4
1177.87	1171.22	261.919	961.1	3414.27	0.607778	0.449345	-0.171546	0.468726	-0.610569	
5
1390.79	1450.05	1455.46	706.777	3614.68	0.391395	0.924914	-0.441079	0.640291	-0.839444	
6
1203.14	858.011	1889.32	1011.24	3436.5	-0.130821	0.442361	0.674546	0.544399	-0.997767	
7
1571.57	1868.18	953.746	773.765	3835.83	0.607367	0.65464	0.269021	-0.00827705	-0.726568	
8
1577.19	1849.08	943.672	1186.69	3807.39	0.49399	0.620273	-0.5948	0.215841	-0.589502	
9
939.392	384.152	2304.56	2943.09	3860.11	1.14028	0.101575	-0.646733	-0.0924178	-0.275747	
10
759.843	795.286	2761.98	4309.63	4506.01	0.67519	0.672585	-0.24865	0.228378	-0.780747	
11
957.268	194.107	2175.31	3915.13	3324.75	0.47572	0.0305087	0.0125174	0.271352	-1.28373	
12
595.474	956.497	852.861	2507.06	3024.5	0.914852	0.918683	-0.242439	-0.86299	-0.892411	
13
827.135	505.086	264.23	1626.43	2850.32	0.735908	0.686653	-0.649749	-0.136223	-0.352005	
14
547.947	527.364	160.576	2046.6	3403.49	1.13806	-0.0460304	-1.23113	0.353937	-1.20461	
15
857.591	738.985	704.189	1876.52	4357.63	0.627659	-0.238243	0.146641	0.00023803	-0.84212	
16
874.485	998.295	1907.34	2262.08	4691.37	0.665096	0.436596	-0.85512	0.133219	-0.91439	
17
939.952	1754.04	1676.98	3607.45	3928.42	0.946842	0.0197617	0.15634	0.0454391	-1.36673	
18
1340.47	1419.34	3901.01	1987.5	3824.14	1.22626	1.02416	0.0880077	-0.872859	-1.1806	
19
802.339	728.695	1284.45	1519.12	2873.89	0.649395	0.54704	-0.200452	-0.646075	-0.967433	
20
838.205	642.794	1122.36	2359.39	3121.51	0.0550881	-0.242873	0.646338	0.288302	-1.30144	
21
1191.2	3029.04	1237.78	2626.15	4866.73	0.0649176	0.418816	-0.337563	0.317236	-0.522968	
22
635.939	714.241	524.946	1831.27	3172.27	1.23538	-1.36276	-0.0875656	-0.302093	-0.87644	
23
810.014	1465.97	110.445	1931.12	3701.41	0.759332	-0.160057	0.206601	0.300031	-0.237381	
24
448.791	603.01	313.793	1940	3260.9	0.610069	0.847406	-0.962119	0.460271	-0.824379	
25
771.859	641.511	541.87	2776.51	1220.12	0.644365	0.332346	-0.839085	-0.299105	-1.30014	
26
665.029	998.298	292.788	2314.75	3721.27	0.468916	-0.429305	-0.397585	-1.10939	0.367869	
27
693.179	1285.38	801.561	2736.42	4194.93	1.03467	0.675553	0.154091	-1.28953	-0.203142	
28
1168.88	1388.6	1587.84	3268.82	3818.03	0.787985	0.612121	0.282614	-0.475451	-0.802318	
29
1130.09	898.145	1947.26	3978.62	4672.49	0.358675	0.56124	1.10796	-1.03977	-0.796834	
30
1494.67	1913.2	2595.06	5402.39	4680.66	1.3832	0.341561	-0.368197	0.0413802	-0.893359	
31
983.944	872.319	1432.2	5709.58	4834.8	-0.271207	0.495945	-0.0713657	-0.342671	-0.155988	
32
791.925	282.65	1133.56	3452.59	4116.94	0.852917	0.30888	0.771304	-0.70296	-0.372351	
33
1205.13	857.833	390.019	4580.75	4033.14	1.21144	0.585729	-0.537368	-0.857833	-0.775981	
34
845.645	427.312	2015.74	4414.02	3930.97	0.89278	0.26018	0.646943	-0.734895	-0.377808	
35
1412.89	1231.29	1593.76	4310.87	4961.59	1.50292	0.0558032	-0.379331	-0.120404	-0.404068	
36
881.37	2699.89	2606.76	3036.11	2812.63	0.679876	0.322936	0.178347	-0.868503	-1.92119	
37
1440.7	3922.64	874.139	3016.31	4841.86	1.15416	-0.389092	0.097367	-0.913917	0.417492	
38
658.949	1447.61	1436.63	3914.79	3804.91	0.781599	0.155014	-0.221601	-0.0923071	-0.655703	
39
1003.35	748.724	1171.92	4503.06	4746.57	0.967459	0.171107	0.401153	-0.706687	0.0146582	
40
1355.94	1016.86	1611.19	4554.93	4322.76	1.08346	0.928355	0.543106	-1.0354	-0.365799	
41
813.454	1120.41	1683.4	3465.65	2994.48	1.32227	0.97422	0.448234	-0.349182	-1.39096	
42
976.032	1151.55	1592.92	4286.49	4450.62	0.398066	0.538028	0.0426496	-0.180972	-0.906778	
43
921.955	999.177	880.79	2847.25	3741.63	1.23239	0.432715	-0.278813	-0.578598	-0.822258	
44
569.34	1220.21	1185.32	3016.33	4261.08	0.896306	0.453861	-0.199859	-1.00916	-0.151748	
45
403.612	655.819	948.743	4342.32	4261.59	0.100106	0.190925	0.346798	-1.05945	0.057849	
46
520.34	870.254	2035.21	3834.86	3998.88	0.97852	0.851182	-0.381184	-0.650701	-0.824127	
47
1163.66	536.075	2559.25	3509.94	3822.26	0.611594	0.494512	0.261079	-0.879957	-0.247638	
48
1136.66	1341.65	735.82	2795.66	4318.27	0.99505	0.706512	-0.546788	-0.164074	-0.411681	
49
1085.06	1951.43	779.219	3448.55	3968.56	1.08339	0.884437	-1.08588	-0.228494	-0.348785	
50
966.221	1459.16	294.75	3192.27	3564.99	1.26242	0.700132	-0.667335	-0.960535	-0.476032	
51
950.697	1225.94	359.963	3111.14	3012.48	0.542408	0.421074	0.153147	-0.193879	-0.811473	
52
1114.8	1969.12	1886.18	1793.03	3611.02	0.863192	0.269905	0.0884759	-0.559128	-0.441691	
53
1498.21	1648.13	4044.56	4514.29	4526.75	0.702459	0.194324	-0.0724349	-0.26025	-0.573467	
54
2019.04	1080.55	1908.38	1273.22	4224.18	0.810642	0.840328	-0.36317	-1.00628	-1.24771	
55
2774.09	330.914	3164.93	2043.11	4097.89	0.517343	-0.911744	0.0947957	0.00497699	-0.647121	
56
1826.22	805.166	1139.12	1816.21	4398.17	0.665279	-0.145473	-0.533092	-0.0267393	-0.631014	
57
1008.5	187.514	988.282	1315.84	4087.92	0.217714	-0.445214	-0.33661	-0.985549	-0.339099	
58
1581.67	403.254	2519.34	4805.09	4656.08	0.901356	0.354955	-0.200445	0.0524984	-1.0635	
59
1616.36	229.85	2363.44	3625.07	3913.77	1.09473	0.00329924	0.135395	-1.08821	-0.261957	
60
1396.18	686.978	2159.74	4284.32	5027.04	0.841034	-0.269298	0.215038	-0.425658	-0.493628	
61
1899.55	1157.04	3159.82	4812.53	5181.39	1.48643	-0.388953	-0.563941	-0.716278	-0.552641	
62
1395.49	1638.13	3243.39	4562.41	5263.52	0.803854	0.345566	0.589029	-0.229833	-0.573319	
63
740.668	1962.9	5185.65	5462.78	6354.59	1.10703	0.0336587	0.810168	-0.818732	-0.305846	
64
1124.39	1861.2	2040.91	6009.44	5225	0.616567	0.29742	-0.164583	0.0513748	-0.613278	
65
2307.43	2520.96	1447.47	5374.71	5319.84	0.388631	0.175935	0.610352	-0.0887988	0.426518	
66
1430.33	1332.54	173.313	5280.65	4740.9	0.467327	0.500702	-0.876882	-0.489513	-0.452948	
67
1502.53	1149.64	1355.02	5828.33	5179.46	-0.274661	-0.155609	0.378439	-0.184482	0.218212	
68
1214.84	773.532	2267.55	5120.46	4787.69	0.933811	0.193344	-0.184646	0.104048	-0.97369	
69
732.359	333.35	1463.02	3905.49	3853.55	0.325354	0.472782	0.114811	-0.52822	-0.225496	
70
1708.19	249.91	1529.45	4882.7	4303.03	0.936256	-0.302621	0.148842	-0.231569	-0.640969	
71
1490.15	813.835	2090.32	4012.72	4796.29	0.727061	0.79384	-0.837229	-0.928458	-0.702732	
72
771.821	535.257	399.301	3650.59	4092.81	-0.157567	0.177618	-0.693237	-0.551776	0.0104759	
73
1768.74	865.697	1207.31	4037.6	4562.71	1.42152	-0.124278	-0.878147	-0.205945	-0.258471	
74
1677.11	675.708	1579.79	5075.91	5469.95	0.670482	0.687962	0.00563866	0.2748	-0.895124	
75
386.935	513.576	831.625	3404.95	3113.13	-0.895179	0.792559	0.722131	-0.684995	-1.05041	
76
700.482	1370.67	431.585	4350.85	3704.78	-0.190495	1.22234	-1.01677	-0.310262	-0.0373945	
77
1029.58	1299.04	1063.33	3113.1	4152.21	0.194603	0.330034	0.134977	-1.38232	-1.16056	
78
1143.52	1064.75	2752.83	3903.93	4978.26	0.451271	0.87578	-0.278855	-0.612318	-0.428659	
79
536.718	750.922	1286.33	3144.73	3886.27	-0.0570074	0.961801	-0.651403	-0.453484	0.161397	
80
488.155	646.644	1127.33	3879.19	3664.18	0.755546	0.790878	-0.061134	-0.0914762	-0.307829	
81
637.959	360.605	509.59	2709.1	2337.7	1.31947	1.14498	-0.345817	-0.721652	-0.607491	
82
840.594	345.527	978.466	2158.13	3023.76	0.780055	0.612009	0.0269872	-0.83936	-0.40156	
83
1043.46	658.06	3879.3	4123.46	4826.99	0.454614	0.550045	-0.124891	-0.469776	0.037769	
84
955.086	1040.11	2043.65	3733.24	3472.52	0.759339	0.536847	-0.527288	-0.870243	-0.0147371	
85
731.686	646.272	1365.21	1328.85	1235.27	0.986585	0.887604	-0.883142	-1.09618	-0.549322	
86
1355.22	919.187	1802.41	3029.48	1674.96	0.353753	0.577507	0.18889	-0.287379	-0.867425	
87
783.195	477.06	1309.22	1447.81	624.21	1.10914	1.14377	0.220598	-1.29992	-1.13371	
88
1041.89	245.732	1813.06	1525.38	0.374244	1.09843	-0.0433765	0.275517	-1.26069	-3.81333	
89
939.17	490.716	3316.55	2699.34	1347.77	1.67918	0.284856	-0.0816173	-0.991436	-0.392259	
90
1575.34	486.869	3365.91	2855.04	2850.89	1.52509	-0.866881	0.278324	-0.887833	-0.414639	
91
2202.02	721.792	2938.32	3533.29	2802.03	0.765168	0.932405	-0.503883	-0.027841	-0.768656	
92
1891.11	881.706	2631.87	2337.99	1855.97	0.496017	0.903938	-0.707389	-0.712571	0.301357	
93
262.373	220.697	1202.22	1567.14	1008.84	0.291837	0.55863	-0.614094	-0.323289	0.13992	
94
533.117	346.004	1995.93	1929.39	1262.94	0.82284	0.641206	-0.0880653	-1.02925	-0.572054	
95
693.08	689.55	2373.67	3616.94	1279.01	1.73686	0.670585	0.0125772	0.165125	-1.37642	
96
1338.17	1738.02	2925.66	3743.77	1523.04	1.50163	0.866851	-0.125867	-0.254301	-0.127186	
97
1050.92	1122.27	2651.65	2235.29	2307.12	0.952843	0.944553	-0.142217	-0.753961	-0.910043	
98
1653.65	514.604	3647.34	3309.33	4147.23	0.992986	0.555861	-0.200201	-0.767531	-0.687269	
99
796.289	435.556	2329.17	959.304	4496.66	1.11023	1.44696	-0.162228	-1.75717	-0.582722	
100
840.213	185.966	3236.5	4257.05	5374.56	1.1019	0.798386	-0.354588	-0.0790114	0.268726	
101
721.014	359.443	4759.52	3888.82	5392.72	0.763221	-0.192042	0.0303318	-0.367181	-0.283945	
102
1610.59	1014.45	3206.59	4149.11	3865.95	1.77773	1.02773	-0.865909	-0.639301	-1.38317	
103
2616.62	820.144	5264.8	4879.27	6586.2	1.60533	0.805296	-0.390957	-0.585142	-0.680594	
104
2155.2	2573.16	5885.41	5348.52	6959.65	0.804734	0.536669	-0.474422	-0.453019	0.0589063	
105
2689.27	1997.15	5473.35	5808.02	5124.85	1.05339	1.13505	-0.329398	-0.520809	-1.00959	
106
3384.9	482.021	6809.69	5521.44	6917.68	0.670375	-0.188458	-0.282927	-0.502781	0.031981	
107
2380.65	596.606	3391.56	4202.5	4639.27	0.494026	0.682497	-0.189386	-0.467879	-0.662012	
108
3430.65	1630.43	5920.35	5500.91	4915.11	0.505133	1.3549	0.144666	-0.962075	-0.642848	
109
3401.94	1455.44	4587.79	4987.5	4474.41	0.855638	1.15505	-0.793078	-1.3496	-0.0087391	
110
3097.54	998.376	4722.8	4903.96	4022.14	1.10281	0.629245	-0.393633	-1.07215	-0.45286	
111
2346.79	1078.49	4443.01	4575.89	4854.94	0.929223	0.622724	-0.695275	-0.618583	-0.533189	
112
1915.2	1235.34	4930.64	6032.8	6324.52	0.640223	0.967719	-0.709247	-0.188311	-0.343642	
113
1505.63	1119.94	4239.05	4619.78	5375.06	1.24387	0.497055	-1.08529	-0.627606	-0.951198	
114
1502.6	135.52	3470.99	3882.63	1497.5	1.45903	0.177392	-0.923139	-0.338003	-1.14627	
115
1545.48	1117.22	4012.59	4556.29	4526.52	1.18791	0.946436	-0.909506	-0.0280214	-0.965268	
116
606.902	513.534	4795.87	3594.57	4765.67	1.10804	-0.609294	-0.497115	-0.434973	-0.553215	
117
1973.56	3395.21	4981.75	4915.91	4821.98	0.852103	1.17439	-0.791581	-0.194149	-0.586304	
118
1910.08	1656.48	5023.98	3842.7	5753.48	1.39124	0.406877	-0.502658	-1.14297	0.0656	
119
1257.34	1910.1	5490.51	5255.99	4760.71	0.630115	0.417851	-0.667022	-0.527731	-0.479738	
120
1749.25	996.497	5155.97	5482.54	5009.16	0.643304	0.0234551	-0.583212	0.136651	-0.593028	
121
1997.02	2059.16	6549.96	6312.84	6236.87	0.859879	0.0404687	-0.0607521	0.0938346	-0.496341	
122
1890.24	4112.81	5498.71	5768.27	6194.82	1.18167	0.398401	-0.658223	0.103963	-0.340468	
123
2058.69	2548.48	6935.61	6224.84	5859.21	0.848838	0.39667	0.00297257	-0.66317	-0.851042	
124
1677.2	1814.4	5773.44	6324.25	4094.77	0.777376	0.469241	-0.559337	0.010788	-1.51195	
125
1042.39	579.015	6198.3	5959.36	6258.6	1.03118	-0.285078	-0.517976	0.144262	-0.278757	
126
1233.49	907.605	6016.42	5458.94	5500.31	0.655377	0.430402	-0.274746	-0.641107	0.0359102	
127
1482.76	324.008	5225.33	4012.67	5130.41	1.3653	0.168951	-0.535224	-1.36396	-0.239696	
128
968.821	1843.27	5977.75	4617.39	6135.47	0.676037	1.11148	-0.396438	-0.269484	0.117716	
129
1491.13	2092.25	6107.46	5371.75	5809.92	-0.0397001	1.04773	-0.0111177	-1.15143	-0.377676	
130
1452.99	1651.48	6431.37	3668.35	5887.88	0.553793	0.685375	-0.453052	-1.18462	0.210154	
131
1904.12	831.633	5820.69	5679.51	4629.51	0.996813	0.35669	-0.479546	-0.460744	-0.062825	
132
1717.49	1322.37	5257.46	3981.08	3922.45	0.911007	0.240545	-0.00586763	-1.12177	-0.739988	
133
1922.16	1038.36	6423.38	4196.58	4226.38	0.547762	0.59046	-0.329167	-0.506981	-0.726736	
134
2127.35	173.118	5669.86	4834.52	4786.68	-0.217275	-0.712354	-0.490863	-0.61821	0.342114	
135
2134.36	1338.95	5876.02	5644.07	4571.57	1.30947	0.422225	-0.206885	-0.793337	0.073613	
136
2428.34	1880.73	5100.81	5834.32	5410.04	1.0579	0.685983	-0.524586	-0.511599	-0.841008	
137
3407.28	3310.88	5915.32	6216.29	5973.64	1.45968	0.0743307	-0.747702	-0.485676	-0.199995	
138
2213.55	3152.26	6527.24	6051.42	5672.5	1.04577	0.021819	-0.127509	-0.309086	-0.602416	
139
3600.14	3076.07	6955.89	5536.56	6112.4	1.12662	0.144967	-0.078286	0.0558178	-0.862301	
140
2790.05	2202.75	6473.99	5159.05	5327.5	1.22887	0.750122	-0.0264528	-0.668335	-0.463561	
141
3067	2597.11	6341.7	7505.88	6253.2	0.390484	0.219648	-0.835186	-0.0455162	0.442621	
142
978.336	2196.93	5427.41	5878.27	4762.81	0.193179	0.0248956	0.410404	-0.0839637	-0.957206	
143
958.411	3444.39	5375.23	6071.1	5674.86	0.723725	0.97763	-0.714487	-0.468429	-0.711375	
144
1741.87	2582.32	6833.06	5188.52	5635.58	1.21027	0.264704	-0.235993	-1.19962	-0.528988	
145
1254.46	2658.39	6179.45	6921.38	5411.97	1.05959	0.402316	-0.128875	-0.142141	-0.616282	
146
933.034	4154.58	6163.79	6582.52	7850.45	0.684355	1.10381	-0.590467	-0.7173	0.150185	
147
3203.81	1906.12	6011.77	6292.1	6565.68	1.11748	-0.0359067	-0.616335	-0.620333	-0.474852	
148
3535.79	3121.69	5859.37	6031.48	6349.4	0.813315	0.792269	-0.759696	0.552628	-0.799629	
149
2952.31	2309.88	6287.51	5286.2	4762.7	1.10006	0.737066	-0.206945	0.0161604	-1.4338	
150
2518.19	3340.33	6472.43	5123.84	6108.19	0.258008	0.0411554	0.142617	-0.429886	-0.238229	
151
4365.43	2862.66	7669.05	7044.55	6755.59	0.0379845	0.088942	-0.376221	-0.42888	0.20571	
152
3563.42	4270.4	6800.59	6490.34	8373.33	0.470333	0.644309	-0.288442	-0.766299	-0.380795	
153
2539.64	2585.41	6870.05	6798.46	6888.45	0.42053	0.72904	-0.0732807	0.313293	-0.173074	
154
739.086	3185.99	6118.97	4181.33	4056.19	0.647053	0.387925	-0.0321132	-0.0444311	-1.26307	
155
838.264	2892	5631	2384.16	5131.76	0.797944	0.410437	-0.42943	-0.349396	-0.784372	
156
293.881	2184.68	5166.96	1599.04	5077.73	0.0912131	0.834905	-0.936936	-0.637731	-0.492795	
157
1671.23	2360.22	6235.27	5219.28	5115.86	0.806944	1.08028	-0.270744	-0.575005	-0.778145	
158
267.186	1655.49	4156.46	3469.25	4780.31	0.542466	0.761874	-0.499924	-0.493833	-0.248341	
159
846.427	1848.83	5151.54	4398.94	4597.13	0.832539	0.806842	0.143704	-0.170521	-1.13054	
160
1353.36	1767.8	4321.55	4807.44	4037.85	0.896999	0.900475	-0.592602	-0.243005	-1.01235	
161
392.616	1753.31	5118.82	4331.64	5622.5	0.606184	0.465082	-0.321158	-0.819269	0.101652	
162
1027.61	3060.65	5258.42	5075.99	5341.52	1.06902	0.046972	-0.540339	-0.507641	-0.379815	
163
3472.12	4008.93	5743.6	5765.1	5122.05	0.961956	-0.00524615	0.185368	-0.300527	-0.513461	
164
1455.29	3920.16	6978.05	6555.84	5632.03	0.410372	-0.140145	0.231079	0.252508	-0.219305	
165
1661.12	3262.96	5808.29	4970.6	3815.79	0.738392	0.413632	-0.224007	-0.364538	-0.82788	
166
1591.32	2798.81	5007.06	3991.82	5923.07	0.929034	0.196775	-0.693487	-0.674418	0.488763	
167
1020.36	2861.96	3374.13	3226.49	3558.84	0.850167	0.311234	-0.689269	0.199556	-0.65836	
168
1096.01	2421.93	4825.14	5168.4	4141.89	0.389949	-0.250564	0.119784	0.153129	-1.31599	
169
1164.41	5306.14	3117.97	4350.43	4273.82	1.06072	0.236597	-1.41061	0.268766	-0.351989	
170
3261.44	5651.13	3164.37	5078.23	4976.93	1.38674	0.30076	-0.747244	-0.84493	-0.801516	
171
3091.55	7468.57	7526.8	5996.92	7012.16	0.781998	0.0780164	0.0836758	-1.00252	0.0844676	
172
1022.65	5120.4	3749.17	4042.03	5767.28	0.51512	0.105285	-0.253207	-0.954711	0.141925	
173
1610.56	6559.68	5744.62	6773.54	6547.48	1.11973	0.148849	-0.779207	-0.0487512	-0.353102	
174
2115.83	7269.63	6900.81	6314.02	6930.89	0.263595	0.0103992	-0.194586	-0.19671	-0.19935	
175
1313.15	4516.89	3701.09	3661.57	6742.11	1.28048	0.149608	-0.917525	-1.41244	0.473204	
176
881.973	5135.72	4107.52	3380.52	6663.47	0.74596	0.135759	-0.711997	-1.28372	-0.657455	
177
914.542	7346.09	5321.4	6414.68	7232.73	1.32092	0.489048	-0.337696	-0.261555	-0.388117	
178
947.173	6078.35	5147.77	4751.81	6253.12	1.23897	0.48382	-0.586296	-0.0737977	0.142425	
179
606.621	4772	4309.1	4387.47	5858.1	0.887523	-0.175818	0.33607	-0.839617	0.315738	
180
1066.68	6963.04	5061.27	4219.12	6402.46	1.28495	-0.0307059	-0.81366	-0.479891	-0.21688	
181
565.754	6074.25	4454.46	4200.17	3882.64	1.0706	0.0798525	-0.248119	-0.464598	-0.778587	
182
633.453	7283.55	5139.43	5595.43	6987.97	0.66518	-0.0226536	-0.0302754	-0.120822	-0.615178	
183
869.265	5374.01	5040.9	5722.22	6286.45	1.22333	-0.140408	-0.548996	-0.226482	0.316082	
184
293.189	3101.28	2782.24	3232.4	5543.72	0.611412	-0.0635	-0.570156	-0.429146	0.524222	
185
293.222	91.7873	2258.68	2257.61	3566.37	0.919733	-0.917542	-1.0255	0.198217	0.235923	
186
483.671	2317.05	3166.47	2315.5	4704.65	0.392974	0.314524	0.0654281	-0.709835	0.40904	
187
245.809	360.371	2441.7	3193.99	3537.05	0.826075	-0.11359	-0.671297	-0.246043	-0.0315128	
188
87.9421	4425.96	4660.12	4029.93	4886.92	0.351966	0.084282	0.351407	-0.31347	0.00790334	
189
170.392	4975.78	3300.48	6182.25	4654.17	0.487497	0.138954	-0.201571	-0.35359	-0.260415	
190
361.365	6224.9	4390.83	6565.27	5686.12	0.859652	-0.0352574	-0.58803	-0.370118	-0.0524335	
191
245.025	5424.24	6206.98	5844.71	4862.72	-0.0304997	0.648664	-0.327373	-0.678986	-0.290464	
192
598.466	4581.35	6134.17	5187.28	3887.88	1.21306	-0.0975074	0.132632	-0.549949	-0.99464	
193
461.494	4860.06	6855.78	6562.82	5572.83	0.633557	-1.08311	0.0877635	-0.356876	-0.558353	
194
469.781	8007.59	7836.55	7779.6	6671.79	0.83251	0.0932541	-0.198667	-0.481005	0.594288	
195
426.269	7521.09	7473.93	8492.29	7055.55	0.213747	0.0278172	-0.0796282	-0.207016	-0.296467	
196
521.158	6714.93	6387.72	7713.1	5089.54	1.15268	0.326334	-0.375359	0.610377	-0.475412	
197
552.873	5170.64	7465.64	5901.83	4612.06	0.64094	0.419453	0.2052	-0.243223	-0.442484	
198
429.704	4611.8	5913.99	5787.67	1217.52	1.36969	0.0905108	0.00819377	-0.122409	-0.131989	
199
465.061	5273.55	6090.91	5511.69	1430.19	0.590098	0.164924	0.272745	-0.254825	-0.626091	
200
277.153	5370.61	6090.81	5413.34	2598.59	0.862087	0.429214	-0.0815843	-0.444678	-0.743149	
201
374.335	6665.69	6392.97	6587.49	6506.41	0.877177	0.965069	-0.340085	-0.524849	0.125651	
202
150.547	5844.93	6043.93	7047.89	5750.86	-0.17248	0.481554	-0.499369	0.327602	-0.00056782	
203
271.044	7448.8	6530.79	6959.37	7162.93	0.604429	0.230573	-0.123571	-0.494014	0.498489	
204
284.701	6230.39	6065.34	6193.4	6635.08	0.426035	-0.058754	-0.471874	-1.20842	-0.0849514	
205
334.175	6797.62	6922.83	7905.12	8358.91	0.189413	-0.437151	-0.675578	0.0806902	-0.104589	
206
279.929	5325.49	5542.94	6047.81	4914.9	-0.141784	-0.281608	0.199718	0.470411	-0.73695	
207
285.07	5099.82	4198.8	5886.44	5627.96	0.797832	0.527123	-0.757609	-0.251347	0.22241	
208
523.199	5110.2	5307.78	6617.31	6157.73	0.88722	0.390442	-0.541526	0.282028	-0.282221	
209
207.074	1839.15	5107.65	4816.8	3911.59	1.17548	-0.0384457	-0.736844	0.223478	-0.448552	
210
862.394	6147.33	6921.09	4927.29	6902.58	1.12291	0.00554399	-0.412882	-1.14842	0.437829	
211
478.31	6033.38	6575.3	6568.36	6337.45	0.373262	-0.0460327	-0.153048	0.0359653	-0.257656	
212
464.615	3781.51	6438.16	7406.97	6606.65	0.663514	0.104065	0.19115	0.0461743	-0.257199	
213
547.996	3424.38	4642.7	6640.48	6403.74	1.13621	-0.148117	-1.28769	0.158432	-0.285797	
214
1500.11	916.891	4763.35	5617.9	4974.42	1.15234	-0.666835	-0.550168	0.188507	-0.0947205	
215
1490.77	430.887	4208.09	5896.4	3956.33	2.05443	-1.08316	-0.399136	-0.772038	-0.611836	
216
771.632	2490.29	4529.54	5837.57	3952.37	1.50466	-0.397979	-0.300229	-0.0203794	-0.725054	
217
1028.09	3680.07	5072.57	6329.26	6886.8	0.757698	-0.913716	-0.459871	0.0486911	0.41426	
218
679.6	2513.86	362.939	5498.42	5844.55	0.904659	-0.393061	-1.8621	-0.388253	0.193642	
219
910.388	3963.29	6285.53	5527.52	7651.05	1.03926	-0.252628	-0.28496	0.196949	-0.306578	
220
1301.6	4737.34	6611.76	5957.75	7765.96	1.26251	-0.240862	-0.0213878	-0.746841	0.458777	
221
1369.91	6246.23	6344.57	6838.7	7008.08	0.309932	-0.406535	-0.247733	-0.436151	-0.0316283	
222
1220.07	6295.65	5304.28	6162.71	6561.21	1.23828	0.0416109	-0.759308	0.00324429	-0.436155	
1
1557.87	5962.6	6106.59	6594.75	6767.36	3.37969	-0.375084	-0.0611188	-0.711042	-0.601545	
1
245.441	162.065	259.37	86.7546	86.6573	-0.0658271	0.840821	0.14283	-0.176944	-0.167065	
2
182.453	58.1073	144.978	80.3284	82.9578	-0.644228	-0.57363	0.256542	-0.0328591	-0.206692	
3
428.626	105.106	1218.64	309.368	74.2212	0.317701	0.735932	-0.0489472	-0.566673	-0.253841	
4
548.624	133.244	1343.54	459.669	144.843	0.881892	0.0920301	-0.901541	0.54863	-0.743113	
5
654.258	50.6549	739.303	422.708	239.618	0.97249	-0.24015	-1.3286	-0.135204	-0.451186	
6
523.275	101.482	728.246	429.669	221.769	0.761056	0.825269	-0.0267802	-0.756993	0.547687	
7
344.761	53.1071	314.421	220.871	159.05	0.314683	0.150507	0.87173	-1.07309	-0.446264	
8
667.213	135.645	580.762	360.92	450.092	1.08959	0.182446	0.304172	-0.148449	-0.276784	
9
488.215	107.733	427.732	368.588	304.28	-0.00607909	-0.927772	-0.0613288	0.150458	-0.0965509	
10
195.571	282.542	712.847	450.801	241.744	0.553569	0.238196	0.387351	-1.29692	0.343532	
11
217.606	346.594	725.076	696.904	136.118	0.615844	0.753124	-0.0829999	0.594056	0.15698	
12
169.345	172.976	254.747	229.633	135.222	0.749255	-0.237981	-0.398735	-0.295831	-0.0894774	
13
184.98	294.752	463.682	321.366	130.372	0.470992	0.571729	0.0837031	-0.105526	-0.25966	
14
98.7668	446.619	405.076	482.046	354.043	1.12948	0.424198	0.332138	-0.0201747	-0.280274	
15
91.1923	351.897	514.301	912.335	222.715	0.653965	0.967098	0.433989	-0.50913	-0.959583	
16
72.3102	366.779	616.331	689.051	219.207	0.389287	0.868905	0.567905	-0.208831	-0.764385	
17
86.9095	234.365	531.136	171.211	1680.51	0.967899	0.504636	0.813989	0.128918	-1.58996	
18
104.104	399.026	424.677	390.553	1032.96	0.735579	0.354404	0.231313	-1.36357	-0.770035	
19
101.62	615.92	1199.05	838.414	937.672	0.524323	0.575058	-0.86882	0.899275	0.711708	
20
136.626	178.751	719.175	573.354	255.034	0.305734	0.185276	-0.152998	1.16744	-0.726163	
21
65.3742	457.949	534.004	830.16	169.48	-0.328641	1.26658	-0.063675	-0.131579	-0.687328	
22
24.5717	392.701	439.634	657.106	381.673	-0.237579	0.635844	1.25254	-0.543004	-1.49464	
23
175.107	704.428	513.294	856.142	910.215	0.814407	0.848197	0.400442	-0.50376	0.0644863	
24
175.972	1191.35	592.109	1011.74	745.759	0.984201	0.53596	1.15179	-0.229844	-0.862079	
25
251.446	691.151	431.856	942.92	2727.64	0.664178	0.436118	0.507799	0.307274	-1.13081	
26
122.069	565.109	145.544	949.488	869.612	0.807965	0.33969	0.739271	0.144048	-0.543807	
27
116.472	598.717	238.548	1156.36	2237.54	1.33423	0.813026	1.10698	-0.159975	-0.562233	
28
183.19	417.91	538.039	964.121	2163.91	0.508195	0.887879	0.997379	-0.0493107	-0.757143	
29
127.714	466.814	1257.08	1371.54	2683.41	1.07671	1.01732	0.877786	-0.525524	-0.86194	
30
94.7728	162.229	642.18	1589.76	3019.38	0.0502357	0.618505	-0.0361078	0.27566	-0.77338	
31
420.806	215.361	724.718	1467.92	3156.93	0.52967	1.13285	0.953516	-0.526983	-0.985492	
32
533.418	568.895	798.214	2894.95	2528.84	0.359187	0.893718	0.703691	-0.11366	-0.924577	
33
393.259	97.5245	666.27	1610.21	600.572	1.18385	0.375547	0.656722	-0.452592	-1.22822	
34
489.055	308.055	1398.12	1782.66	2868.62	1.15348	0.440964	0.649888	-0.330124	-1.26737	
35
457.964	147.975	909.324	1393.99	2188.41	1.3742	-0.546563	0.583551	-0.486791	-1.33501	
36
619.999	285.855	842.412	1588.23	1137.59	1.55797	0.0708284	0.514718	-1.30698	-0.747171	
37
402.84	314.5	557.594	1703.45	249.572	1.23827	-0.155535	0.520004	-1.33301	-1.35872	
38
439.074	1465.42	977.392	2968.25	1411.67	0.813894	0.292323	0.205503	0.286775	-1.60204	
39
710.16	1436.12	960.993	3312.75	2144.04	1.14683	0.381043	-0.160303	-0.0992572	0.0305549	
40
418.67	987.245	741.981	2393.16	847.324	1.41738	0.546816	-0.240917	-0.563121	-1.85693	
41
577.483	1511.06	1119.49	2194.84	2474.01	0.624885	0.502017	1.25607	0.602703	-0.837681	
42
422.684	1258.68	822.115	1285.38	353.77	0.320241	0.744004	-0.108392	0.657823	-0.79246	
43
521.813	1265.25	859.63	1554.49	903.216	0.225092	0.687118	-0.451578	0.135632	-0.0258412	
44
407.42	1405.53	769.604	1418	232.025	-0.326225	-0.272227	0.798324	-0.01784	-0.624193	
45
680.967	2044.19	297.269	1290.52	237.53	0.801038	0.112173	0.244815	-0.525893	-1.01964	
46
337.248	1178.68	350.267	473.883	264.615	0.218571	0.628546	-0.134868	-0.158511	-1.48508	
47
356.205	1065.81	867.768	688.227	741.06	-0.00481799	0.193714	0.365353	0.839983	-0.26316	
48
336.644	1481.96	1416.05	776.31	1464.84	0.177483	0.266394	0.664566	-0.289848	-0.120351	
49
151.364	967.288	686.879	418.27	315.684	0.685323	-0.0832436	-0.136311	-1.29076	-0.177725	
50
244.468	992.326	563.496	715.482	1062.5	1.21252	0.562927	-0.436981	-0.14011	-0.581926	
51
273.32	1078.97	412.403	628.398	816.16	0.554616	0.646955	-0.412984	-0.119483	-0.752061	
52
276.557	821.046	964.131	942.725	514.088	0.78508	0.621957	0.296537	-0.3599	-1.11381	
53
199.954	510.541	1039.92	573.447	790.834	-0.177618	0.398992	0.403831	0.338822	0.403283	
54
79.6341	351.977	185.318	408.112	775.42	0.369672	-0.56771	-0.659125	0.550082	-0.645413	
55
133.096	562.733	201.701	379.843	978.508	0.448439	0.79423	0.627474	0.485872	-0.482219	
56
58.5242	436.282	106.985	236.507	647.597	-0.939536	0.19748	-0.0957499	0.0252209	-0.0240674	
57
270.591	823.634	400.051	884.108	1132.95	-0.184918	1.31277	0.611893	0.574513	-0.506177	
58
467.717	927.964	602.965	1057.66	1507.3	-0.44284	0.482151	0.891295	0.797405	0.0490606	
59
252.278	420.814	223.873	573.464	851.188	0.428331	0.707028	0.0273603	-0.204471	-0.740504	
60
338.864	349.556	125.536	476.431	653.465	0.174383	0.549268	0.855536	0.489117	-1.18577	
61
348.913	538.634	219.938	833.86	1109.26	0.0185082	0.553942	0.278298	0.448107	-0.798306	
62
198.438	717.613	173.527	671.119	696.932	-0.0838643	0.335108	0.334207	-0.511925	0.0980745	
63
329.761	588.631	148.699	293.396	219.615	0.02864	0.285459	1.36254	-0.552424	0.0165593	
64
201.867	873.906	498.352	168.756	560.741	0.629815	0.668518	-0.531989	-1.86212	-0.311073	
65
294.758	376.245	313.879	398.623	642.788	0.0963293	1.02403	0.200324	0.245798	-0.551608	
66
308.04	109.892	269.212	537.053	520.37	0.858787	-0.00632474	0.709014	-0.65807	-0.257233	
67
140.326	154.649	220.485	274.308	192.043	0.171781	0.339315	-0.110123	0.207932	-1.40586	
68
410.437	105.963	531.246	346.866	170.804	0.34954	-0.517107	0.159876	0.199554	-0.497483	
69
381.708	313.176	203.152	300.962	124.636	0.761028	0.732703	-0.46226	0.902328	-1.11877	
70
267.222	112.666	191.262	245.134	99.1598	0.114611	-0.382071	0.300718	0.248811	-0.905271	
71
231.689	92.124	45.3605	380.24	96.4226	0.00261965	-0.252053	-0.711019	0.648912	-0.913169	
72
251.223	80.7568	351.73	142.082	234.195	0.477041	0.492509	-0.593362	0.45033	-0.135369	
73
242.025	363.107	413.15	343.549	461.747	0.788203	0.438743	0.59325	-0.55457	-0.144897	
74
277.183	538.32	494.422	449.11	116.154	0.668181	-0.288429	0.0739999	0.327635	0.352987	
75
318.103	672.307	1104.58	826.148	79.159	0.692009	0.00268297	-0.535541	0.104451	-0.248637	
76
489.492	718.681	1320.07	1002.54	90.1267	0.446808	0.831926	-0.0846494	0.285554	-0.510049	
77
201.271	207.419	268.469	181.475	40.9507	0.729494	0.064184	-0.448437	-0.727776	0.0673379	
78
297.118	355.65	388.61	190.096	87.155	0.499702	-0.0383682	-0.843433	-0.570444	-0.118737	
79
351.394	353.113	160.779	123.607	174.167	0.171513	0.834426	0.80717	-1.42549	-0.0141665	
80
311.929	581.849	121.909	235.634	284.77	0.678679	0.728684	-0.518193	-0.518286	-0.134314	
81
360.178	614.915	723.822	376.028	413.131	1.0319	0.326845	-0.315745	-0.295203	-0.0222489	
82
202.327	176.241	211.276	169.905	118.407	-0.180071	-0.0129299	0.018504	-0.204289	-0.381366	
83
291.036	265.829	287.18	195.324	165.888	0.453383	0.0370054	0.350224	-0.950736	0.0659128	
84
324.892	232.163	231.391	383.834	260.622	0.384353	-0.867713	-0.392166	0.291302	0.318508	
85
209.045	112.123	212.448	209.458	133.749	0.497931	-0.348752	-0.0473465	0.384318	-0.520563	
86
305.25	243.901	178.047	227.8	590.88	0.4731	-1.38115	-0.483089	-0.968273	-0.478303	
87
428.401	518.362	326.55	272.574	240.459	1.24196	0.497259	-0.468329	-0.613165	-1.20976	
88
686.376	654.098	541.678	421.539	405.271	0.917586	1.53981	-0.18307	0.162935	-1.3566	
89
475.089	747.007	660.304	529.068	597.55	0.128035	0.281022	0.100206	-0.601744	-1.68303	
90
286.839	438.781	367.933	454.41	254.064	0.239906	0.312955	0.235281	0.299245	-0.500341	
91
269.921	566.205	296.73	371.686	151.158	0.161658	0.494092	0.195674	-0.486357	-1.84733	
92
337.359	1314.4	1168	317.616	2556.48	0.664263	0.69147	0.11012	-0.406173	-0.674354	
93
419.049	408.985	1215.74	409.411	1278.49	1.07655	0.143052	0.186249	0.0984934	-0.599353	
94
463.423	740.892	1866.46	846.766	681.713	1.32816	0.770311	0.619104	-0.115295	-1.23242	
95
476.299	514.962	1294.75	272.083	731.24	1.0893	-0.0335033	-0.475901	0.0727642	-1.13607	
96
477.179	530.116	1686.3	596.587	1065.47	0.643851	0.0447694	0.166404	0.199895	-1.02996	
97
219.164	974.729	2149.81	691.759	3337.16	1.01535	1.21048	0.221072	0.0435164	-0.576242	
98
212.762	495.245	1164.58	439.071	2461.34	0.62858	1.12654	-0.351572	-0.0701589	-0.529147	
99
477.376	679.288	1523.83	1002.23	2146.88	0.865986	0.376896	0.396176	0.0291221	-1.56033	
100
375.657	484.063	1750.52	349.817	2412.44	0.807368	0.399165	0.352509	0.498077	-1.14537	
1
356.386	855.844	2285.12	749.353	3197.24	0.348119	0.816847	-0.0730687	0.809911	-1.12566	
2
347.639	812.002	1456.91	430.312	969.117	0.215197	0.602721	0.628411	0.689303	-0.728652	
3
25.924	618.511	686.717	851.955	1528.83	0.109576	0.539032	0.169662	0.201529	-1.59057	
4
1127.65	745.646	1696.74	935.154	1911.04	0.783359	0.585503	1.12613	0.564276	-0.683398	
5
495.963	1093.17	491.787	1263.64	598.382	0.172273	1.15461	-0.681606	0.570695	-2.13427	
6
1657.33	867.108	528.895	819.403	2569.42	0.1059	0.635018	0.729149	1.04347	-1.5827	
7
481.674	265.61	390.806	429.852	963.323	0.614807	0.0782821	0.298952	0.0801319	-1.20085	
8
301.26	515.047	566.233	755.592	2108.5	1.03115	0.994213	0.356444	-0.0118094	-0.595291	
9
325.18	285.165	293.956	347.812	215.638	1.09102	-0.0285883	0.146785	0.543398	-2.17401	
10
296.311	578.686	443.315	373.494	195.251	0.944423	-0.0671355	-0.378119	-0.0555785	-0.666895	
11
311.078	425.519	264.312	666.309	637.163	1.54502	0.474459	0.590647	0.90938	-1.28769	
12
230.955	99.2222	664.707	904.212	376.95	-0.346404	-0.0635727	-0.0597612	0.0268621	-0.742555	
13
135.498	263.86	697.545	411.885	594.079	0.722573	-0.0693763	-0.369202	0.811275	-1.42096	
14
175.985	245.688	409.835	151.374	657.587	1.09307	0.310585	0.180329	-0.094218	-1.33575	
15
294.193	598.868	1154.21	603.884	1039.55	1.10504	1.19175	0.580758	-0.171085	-0.263096	
16
272.437	752.069	1046.03	496.547	1719.9	0.697136	0.0620056	0.0151266	-0.325954	-0.451842	
17
309.3	408.505	742.005	763.303	1594.8	1.16685	0.694983	0.494913	-0.407047	-1.74867	
18
426.45	621.549	1831.88	1364.14	2651.46	0.651908	0.16458	0.640982	-0.602605	-0.800984	
19
470.481	491.851	2543.71	1395.52	2343.55	-0.031905	1.09747	0.33537	0.477369	-0.827159	
20
821.292	730.096	2464.71	466.05	3217.35	0.574673	0.805862	0.716999	-0.737326	-1.01333	
21
662.728	307.14	2164.41	1762.7	3326.67	0.505912	0.157625	0.104525	0.729237	-1.05809	
22
912.688	1146.39	2030.14	1141.89	3295.35	1.06303	0.308837	0.663338	-0.429124	-1.70872	
23
500.727	1455.55	2376.99	1931.44	3739.92	0.69229	0.206968	0.129112	-0.595453	-1.3253	
24
612.784	1090.87	2884.17	1791.98	3849.59	0.916758	1.39149	-0.465976	-0.943478	-1.3764	
25
447.577	1533.56	3066.66	1665.78	4294.78	0.41687	1.03481	0.246879	-0.27633	-1.43416	
26
845.551	2363.05	4067.2	883.562	4480.95	1.09319	0.016582	0.496575	-0.261491	-0.918395	
27
1874.98	1631.59	3226.99	991.364	3617.76	1.15904	1.04894	0.422906	0.128583	-1.58767	
28
654.785	1350.6	3370.06	1206.87	4058.03	0.938634	0.767759	0.462235	0.323771	-0.742061	
29
1884.47	1547.4	3411.76	1542.13	4630.47	0.970977	0.537714	0.184986	0.459655	-1.68779	
30
1114.07	622.231	2455.35	1863.55	3820.81	1.26563	0.384228	-0.111144	-0.00172381	-1.36609	
31
1048.12	176.385	2402.11	840.513	3824.34	0.554267	0.408728	-0.579652	-0.552981	-0.830091	
32
1133.78	304.672	2099.77	1133.63	3967.84	1.1839	0.967352	1.26288	-0.58181	-1.14045	
33
981.643	294.563	1051.24	1485.53	3490.32	1.38215	0.308992	-0.0237147	0.287123	-1.80551	
34
636.755	422.904	1283.17	1234.36	2141.23	0.566328	0.425975	0.466574	-0.0384667	-1.29049	
35
868.942	183.38	1297.73	919.688	2218.39	1.06179	1.5481	0.512687	0.295193	-1.89364	
36
713.332	95.412	1241.05	1698.91	1670	0.844209	-0.233171	1.08725	0.15997	-1.56079	
37
645.331	273.384	1310.58	1142.78	2898.16	1.22028	0.539038	0.115738	-0.274172	-0.801686	
38
651.627	433.367	1029.16	1981.24	3549.77	0.534974	-0.0687767	0.23924	0.0406626	-0.93212	
39
308.076	382.283	1142.27	1600.54	2926.14	-0.389857	1.35576	0.72709	1.20172	-2.08943	
40
697.05	990.869	1189.34	1067.26	2741.53	0.853273	1.08449	-0.512278	-0.784928	-1.19213	
41
698.672	525.264	1573.22	1704.19	3322.69	0.615976	0.268801	0.644269	0.0759193	-1.32448	
42
646.723	424.028	1874.07	2054.25	3516.72	1.55152	0.97639	0.594163	-0.127384	-1.77734	
43
473.223	539.754	1109.69	1707.25	3218.76	0.680181	0.0858415	0.524712	-0.824045	-1.35896	
44
818.161	662.565	1680.1	881.023	2114.26	0.269943	0.423772	-0.371725	-0.072943	-0.747249	
45
849.012	164.564	1807.2	1197.55	1727.53	0.617281	0.805026	0.408593	-0.0902777	-1.95117	
46
608.483	256.713	1767.48	2270.21	3895.26	0.684026	0.383768	0.11399	0.120363	-1.51476	
47
298.628	82.5379	994.596	1646.95	3953.89	0.73298	0.12295	-0.258053	-0.316062	-0.200883	
48
838.235	486.992	2246.52	1945.34	3272.65	0.864345	0.909652	0.820159	-0.057017	-1.74043	
49
606.522	436.044	1838.78	1801.11	3890.85	1.07624	1.31234	0.864211	-0.0818274	-1.72544	
50
118.375	745.487	1269.93	3812.23	3802.44	0.958734	0.893679	0.494625	0.34505	-1.55176	
51
193.887	717.49	599.049	2994.1	3802.87	0.0803961	0.748657	0.189104	-0.652791	-0.524746	
52
182.367	936.283	1367.2	2806.19	4065.12	1.0469	1.02333	0.671982	-0.950591	-0.784187	
53
231.153	971.21	1823.08	2757.26	3467.06	1.41691	1.02609	0.730609	-1.44631	-1.38921	
54
214.847	1194.77	2719.53	2517.01	4183.73	0.473432	0.832973	0.920462	-0.124443	-1.2319	
55
886.343	2071.57	3640.86	3906.44	4885.49	0.726529	0.0678531	1.05652	0.253263	-0.644673	
56
206.537	1216.32	1458.63	1034.69	2562.04	1.07949	0.445534	0.870893	-0.763108	-1.76818	
57
354.684	1064.24	1939.62	556.437	3442.03	1.11992	0.731232	0.533306	0.543256	-1.27208	
58
541.25	648.033	2011.8	932.608	3204.18	1.50003	0.961516	0.214967	-0.105676	-1.48054	
59
365.221	1343.8	2324.41	1062.44	3423.24	1.79135	0.780801	0.130975	1.23329	-1.16083	
60
388.983	2255.35	2404.12	895.574	3386.36	0.771263	0.541733	0.266564	0.0547592	-1.51787	
1
417.683	1431	2270.83	945.303	3481.53	3.64939	2.30395	-0.34085	2.12149	-3.55596	
1
219.645	101.14	218.822	69.3552	86.2874	0.205605	0.796356	0.0127212	-0.334338	-0.444871	
2
279.973	95.1276	575.937	97.7163	138.927	0.5327	0.499682	0.388008	-1.35503	-0.902482	
3
456.942	120.321	794.398	40.4545	141.906	0.220664	0.814577	0.885951	0.154831	-1.62981	
4
341.793	133.891	845.89	212.352	154.025	0.464731	0.448908	0.186078	-1.27017	0.595481	
5
365.723	114.11	672.996	202.764	277.91	0.831041	1.11032	-0.09065	0.512235	0.134653	
6
171.757	128.21	463.681	453.042	198.76	1.08715	0.860309	0.271334	0.60226	0.18824	
7
416.753	131.528	502.661	278.092	209.213	0.549137	0.734812	0.828721	0.67267	-1.6186	
8
149.818	107.528	289.638	272.057	111.861	-0.541628	0.617335	0.681132	0.113563	-0.973515	
9
103.214	93.2251	343.353	346.228	227.895	0.982298	0.588096	0.631193	-1.0875	0.430776	
10
111.34	237.013	345.805	301.649	462.474	0.298015	0.571826	1.26885	0.123019	0.498608	
11
255.573	86.1497	357.78	446.924	354.66	1.20167	0.238389	-0.819401	0.338355	-1.03424	
12
417.278	111.75	402.911	640.678	743.817	1.05323	0.172468	0.111363	0.839872	0.365149	
13
300.907	161.819	416.646	505.08	311.419	0.577216	0.394677	-0.052939	0.0688717	-0.484383	
14
299.418	141.294	217.224	429.271	217.275	0.158244	0.137731	-0.583822	0.735811	0.409447	
15
402.347	162.991	332.737	439.649	435.824	1.02787	0.591611	0.930223	0.712101	-0.487651	
16
261.204	140.014	156.135	300.536	44.7165	0.488134	0.508855	-0.0841332	0.541934	-1.02581	
17
505.009	255.797	255.345	270.702	581.799	1.03177	1.00458	0.458748	0.688216	0.338265	
18
421.479	127.753	220.682	241.608	253.678	0.974493	1.24491	-0.188123	0.0772277	0.138373	
19
306.316	100.392	326.804	82.0561	40.6009	0.686778	0.485565	0.452963	0.315502	-0.123419	
20
319.247	294.925	342.81	250.7	243.129	0.751872	0.594082	0.44605	-0.559595	-0.932258	
21
296.532	325.851	161.338	259.363	511.063	0.544418	1.53915	-0.305992	0.106177	-1.53854	
22
425.903	214.333	273.16	614.435	1135.07	2.08533	1.36761	0.123352	0.663191	-1.26572	
23
440.466	96.9525	140.618	659.6	476.903	1.48785	0.30569	0.0117574	0.124811	-0.999745	
24
487.883	191.693	228.277	787.666	201.721	0.500066	0.893125	0.0690499	0.967128	0.0959854	
25
372.911	184.355	300.775	439.607	32.4057	1.03559	0.382056	-0.134228	0.234039	-1.02139	
26
846.118	394.703	673.392	1273.25	751.043	1.08788	0.357477	-0.412612	0.746215	-0.634067	
27
873.587	123.611	182.003	235.965	1328.31	0.800607	0.528917	0.949322	0.00735191	-1.77889	
28
830.468	199.869	392.004	385.912	1682.62	0.694478	0.830256	1.08402	0.593774	-1.66977	
29
1020.67	395.14	596.617	996.532	524.642	0.947056	0.877482	-0.149963	0.260382	-0.743512	
30
313.592	209.056	481.357	648.987	274.548	1.66412	0.502459	-0.382435	0.304303	-2.7189	
31
282.56	270.776	148.752	302.899	87.6457	0.457403	0.498875	-0.197904	-0.378923	-0.153214	
32
296.958	533.747	709.59	664.923	172.072	1.06431	0.154163	0.0218902	0.0404706	-2.62132	
33
458.237	354.771	301.41	428.514	368.359	0.411462	0.663922	0.458827	-0.490493	0.397258	
34
497.366	1119.12	349.773	771.084	94.194	0.594812	-0.00998611	0.283668	0.845167	0.0402959	
35
337.024	660.172	561.331	534.952	175.159	0.681443	-0.158686	0.621461	0.030911	0.326783	
36
113.107	396.763	522.405	735.188	120.271	1.37042	0.138927	0.0047761	-0.0329739	-0.751083	
37
238.244	139.15	284.867	692.368	195.901	1.0844	0.615164	-0.448718	0.0668442	-1.50213	
38
284.773	47.1749	198.107	360.559	63.4134	0.385398	0.0786838	0.807905	-1.39949	0.245126	
39
636.623	228.353	591.972	746.522	101.956	0.855248	0.326455	0.933415	0.726663	0.267205	
40
425.224	266.205	950.993	1320.2	103.533	0.895086	0.193238	0.938311	-0.0341165	0.130354	
41
110.156	223.986	548.966	1514.94	373.732	0.0956817	0.336982	-0.432691	-0.0837533	0.34076	
42
681.494	379.337	933.977	2249.42	925.369	0.668522	1.00486	1.22348	-0.553297	0.34766	
43
1049.75	436.948	1241.03	2262.25	146.339	1.13636	0.931262	0.608042	-1.76267	-0.467157	
44
283.022	275.412	822.241	1680.21	505.781	1.16222	1.5987	0.80819	-1.50429	0.178312	
45
477.945	495.337	646.177	345.133	98.1079	0.909081	1.01439	0.16906	-0.929779	0.958654	
46
572.763	920.767	571.662	435.171	160.341	1.35337	0.651867	0.804642	-0.655195	-0.444618	
47
154.462	622.468	665.913	1080.75	259.743	0.93623	0.368929	0.410391	-0.966276	0.868622	
48
129.334	496.709	866.663	1172.87	250.536	0.90096	0.179177	0.175339	0.709374	0.764418	
49
74.3226	126.006	277.538	565.848	10.6405	1.12736	0.331749	0.177284	-0.042315	-4.54971	
50
66.3621	442.382	634.876	351.833	235.511	0.940547	-0.416189	-0.29773	-0.967472	0.401291	
51
100.04	654.631	946.555	336.671	325.511	0.779556	0.561352	0.0402744	-0.849208	0.39339	
52
139.255	232.27	526.734	411.229	153.033	1.62715	0.998438	-1.57984	-0.244098	0.43035	
53
189.587	45.6116	954.376	678.318	326.307	1.70998	0.541364	-0.110309	0.58752	0.463919	
54
67.7248	140.536	685.151	184.352	95.6435	0.250155	0.286793	-0.0117467	0.249072	-1.53329	
55
228.948	331.903	436.777	349.498	76.6098	0.0287319	0.785254	0.148292	0.0968725	0.134682	
56
196.171	364.42	152.479	352.319	305.059	0.0568813	-0.547947	0.599774	0.0970336	0.648484	
57
245.996	365.181	347.27	241.662	351.92	0.28657	0.62778	-0.144474	0.0997338	0.399935	
58
427.702	317.724	885.269	624.775	623.814	1.50449	1.68502	-0.324553	-0.725548	1.02823	
59
386.273	366.341	1285.2	519.918	475.91	1.36839	0.597187	-0.406007	0.446911	0.163507	
60
353.066	214.644	757.026	390.676	335.398	0.563198	0.127031	-0.507655	-0.819528	0.805507	
61
195.134	173.655	663.058	177.766	95.5559	1.00353	1.02855	-1.09207	-0.624693	-0.191212	
62
67.1696	83.3772	271.839	84.9816	79.6184	0.603624	0.740073	-0.0931907	-0.340485	-0.498697	
63
186.723	220.165	470.665	353	89.96	0.755294	0.575003	-1.4657	0.525015	0.0302249	
64
49.5648	237.25	572.096	32.1624	88.1616	0.582194	1.05338	-0.57815	0.967225	-0.171604	
65
100.06	81.212	254.373	271.003	106.533	0.247656	0.121996	1.22413	0.693713	-0.408903	
66
49.3028	166.238	254.844	60.063	89.3562	-0.392403	0.475323	0.734717	-0.819175	-0.510648	
67
35.2602	126.754	420.366	153.892	314.381	-0.381159	0.623373	0.814003	0.601139	-1.79482	
68
33.0388	119.176	451.528	131.043	453.803	0.217591	1.19568	-0.189001	0.854148	-0.507263	
69
56.7477	63.2258	419.49	191.003	125.829	0.915734	0.458004	-0.395389	0.0353741	0.279526	
70
82.4863	50.8505	466.363	153.69	139.289	0.106078	-0.557676	0.729054	0.112072	0.185468	
71
77.3963	112.614	466.84	196.684	264.413	0.690685	1.51834	0.390302	1.44256	-0.0247184	
72
106.238	146.432	655.228	158.217	102.616	0.597164	0.256732	1.73977	-0.378115	-0.773102	
73
105.44	115.261	571.384	151.991	379.849	1.88266	0.70286	1.48923	-0.786423	-0.862208	
74
308.302	85.3252	787.629	518.633	137.85	0.39389	0.9771	-0.276718	0.436532	-0.474349	
75
115.66	105.183	241.914	71.8175	17.1348	0.372426	0.696134	-0.322494	-0.805511	-1.36094	
76
146.008	154.394	397.156	303.807	200.563	0.401475	0.884055	0.30162	0.663391	-1.056	
77
159.726	128.148	356.462	374.386	31.5328	1.05922	0.969922	0.0853612	-0.678853	-0.665645	
78
255.211	163.665	382.894	658.368	64.9003	1.04911	0.637088	0.175842	0.0693415	0.282321	
79
341.166	167.148	423.544	201.249	106.513	0.641085	0.942028	0.238127	-0.355791	0.0568538	
80
332.75	142.862	337.23	378.938	26.1107	1.06127	-0.0676023	-0.457272	0.0828686	-1.06111	
1
392.178	261.441	839.526	414.204	69.884	1.76203	2.27761	-0.898168	0.344585	-0.546486	
1
245.287	138.789	228.972	65.526	110.37	0.399041	0.568828	-0.396531	0.877082	-0.368218	
2
300.26	90.3917	276.937	110.785	135.257	0.962466	0.360592	1.56239	0.19151	-0.666287	
3
264.89	106.659	329.933	97.3714	192.49	1.39374	0.441066	0.150462	-0.119859	-0.0971472	
4
244.238	121.932	324.827	159.206	90.3864	1.0156	0.0327768	0.479665	0.0205425	-0.367617	
5
192.565	90.5882	424.28	169.075	51.8279	0.445686	0.218831	0.585938	-0.525646	-0.0219537	
6
232.735	121.161	599.49	432.954	928.065	1.44647	-0.180133	1.18317	-0.120261	0.8413	
7
162.34	248.322	217.158	145.807	191.474	0.719016	1.38262	0.393522	-0.889754	0.133131	
8
173.785	48.6259	271.976	507.15	232.947	0.437309	-0.0762878	0.830114	0.500365	-0.501396	
9
189.437	142.4	189.134	132.702	119.863	0.387788	-0.331429	-0.0199742	0.302484	-0.0313444	
10
138.057	68.9619	262.728	259.922	393.999	0.683627	0.581658	-0.137222	-0.987275	-0.0428623	
11
165.269	84.4648	146.013	44.1382	316.015	0.777233	0.528846	0.475037	0.211474	-0.539959	
12
197.438	130.146	263.068	175.242	174.414	0.911067	1.14496	0.666001	0.547012	-1.46751	
13
123.532	135.994	165.339	381.722	205.117	0.327085	0.0719239	0.396823	0.119165	-0.629337	
14
114.095	279.02	218.606	340.217	323.528	1.3884	-0.115515	0.332591	0.655731	-0.25158	
15
57.4723	242.101	253.383	128.692	255.148	0.464755	-0.151254	0.361075	-0.0267415	-0.703633	
16
39.7621	387.953	157.891	287.678	575.057	0.251218	0.506934	1.38372	0.225783	-0.155873	
17
59.1107	185.052	215.696	251.658	57.8412	0.695522	0.148966	0.637123	0.020361	-0.4428	
18
141.104	61.9093	99.8418	215.858	13.0488	0.765649	0.0888755	-0.582304	-0.811044	-0.922847	
19
264.385	217.186	265.09	336.715	96.6469	0.174582	-0.592902	0.922331	0.433778	-1.36175	
20
228.939	111.378	313.772	424.759	115.025	0.948111	-0.397829	0.165848	0.584821	-1.57377	
21
95.1079	110.82	280.644	143.256	121.861	0.283259	0.484737	0.839619	0.0470417	-1.93288	
22
286.433	568.744	251.056	347.965	710.534	1.35219	0.209212	1.30682	0.216182	-0.181623	
23
230.499	396.148	257.932	370.311	293.172	1.34542	-0.0106898	0.431419	-0.443543	-1.19176	
24
632.995	666.995	628.266	1006.81	617.171	1.5363	0.528642	0.471551	-0.430283	-0.14148	
25
410.592	348.42	399.607	617.413	571.388	0.787884	0.814735	-0.134804	0.171706	0.50627	
26
372.43	535.429	305.15	465.279	450.916	1.56471	0.769799	0.213763	-0.113625	-1.48397	
27
341.7	276.678	217.255	487.816	388.643	1.57839	0.732924	-0.936474	-0.651064	0.184507	
28
208.344	242.686	255.726	207.632	141.497	0.793979	1.14033	-0.569431	-0.0294086	0.531394	
29
390.933	281.757	308.589	322.691	787.848	1.1338	2.1984	0.412868	0.572602	-0.989951	
30
484.47	166.638	239.687	203.413	405.454	0.26484	0.907533	-0.823735	0.727011	0.202526	
31
610.091	346.951	406.483	196.713	395.708	1.08834	0.613926	0.0232569	-0.449821	-0.494031	
32
275.579	183.401	321.282	371.504	80.7788	0.0997477	0.790916	-0.703095	-0.283766	-0.112579	
33
689.574	186.193	626.024	228.504	591.099	0.455461	0.876997	-0.679397	-0.239561	0.140658	
34
491.945	512.722	434.893	32.6914	332.665	0.470314	0.600612	1.07694	-4.51647	0.203501	
35
502.828	149.312	533.397	146.419	169.376	-0.111099	0.515037	-0.145277	-0.420366	-0.532378	
36
805.198	205.75	627.146	1026.55	449.703	0.810959	0.764778	0.380936	0.0904494	-0.864313	
37
679.871	385.423	998.932	242.266	566.793	0.454245	0.161757	-0.183604	0.647886	0.863487	
38
440.017	231.04	596.002	282.494	190.146	1.14976	0.342768	0.931744	0.171186	-0.943575	
39
446.329	178.091	268.022	280.294	173.55	0.604919	0.77376	0.290678	0.346618	-0.0778013	
40
460.93	125.984	345.907	181.099	205.823	0.811332	0.858939	0.00385965	-0.747619	0.376221	
41
381.384	65.906	191.196	213.505	101.256	-0.0344396	0.384471	0.585964	-1.02852	0.301036	
42
559.306	159.319	282.085	639.675	198.628	0.229717	0.835217	-0.160949	0.538136	-1.00888	
43
372.36	270.04	338.488	552.486	295.335	0.485663	0.443045	0.716095	-1.21641	-0.507169	
44
714.144	289.306	867.912	389.835	304.734	0.83745	0.71418	1.30652	-0.0946153	-1.10351	
45
678.912	105.809	279.66	90.1719	112.228	-0.144273	0.363582	0.326356	-1.7006	-0.700909	
46
1292.03	318.588	390.949	505.05	139.493	0.343736	1.7635	-0.880792	-1.06086	0.605844	
47
852.806	466.538	389.353	275.676	235.227	0.884436	0.1178	0.174807	-0.128847	0.865376	
48
619.463	457.155	606.691	814.97	375.697	0.758943	1.26561	0.888552	0.532179	-0.212985	
49
354.891	257.532	361.699	563.891	238.859	0.130252	0.865271	0.446311	-0.239637	0.602086	
50
501.183	310.485	282.038	222.142	257.912	0.141296	0.158219	0.512963	0.419953	-0.849808	
51
222.697	163.528	387.939	274.87	191.589	0.768254	0.858425	0.193511	0.198612	-1.04524	
52
204.423	154.611	417.009	323.12	452.229	0.157385	0.00920752	0.947846	1.18531	-0.630093	
53
425.67	221.26	350.547	420.018	381.749	0.883889	0.821324	0.141113	-0.789697	-0.218371	
54
718.211	352.484	557.02	240.655	798.598	0.758475	0.772184	0.497193	0.197237	1.42367	
55
527.967	249.37	540.357	282.038	1090.99	0.759312	0.747787	0.608827	1.00475	-1.43297	
56
549.737	262.791	479.725	682.051	1306.92	0.609569	0.908188	1.02919	-0.217783	0.48591	
57
247.332	336.478	362.829	305.519	828.417	0.616276	0.811091	1.145	-0.4338	-0.182236	
58
284.859	73.8608	160.963	218.545	498.782	0.40776	0.778935	1.07732	-0.962433	0.12743	
59
218.596	217.487	478.54	423.482	278.349	0.758582	1.57496	0.922154	-1.227	-0.950616	
60
188.283	229.8	215.809	247.939	123.08	0.74981	0.683152	0.0983671	-0.344751	-2.50393	
61
224.417	371.875	778.577	602.753	312.315	0.457032	1.19956	0.455379	0.302753	-2.27062	
62
373.091	136.859	811.432	2154.72	1112.45	0.622214	0.186452	0.851739	-0.795294	0.664333	
63
224.321	166.039	602.317	950.339	215.682	0.789024	1.30699	0.00545625	-0.881087	0.142031	
64
256.87	114.843	491.311	1273.3	427.606	0.72015	0.95591	1.00307	-1.06414	1.27631	
65
315.264	97.0101	349.515	291.755	256.521	0.762586	0.471057	0.767743	-1.53112	-0.590139	
66
326.596	100.409	638.223	515.458	163.145	0.640186	1.48084	0.0697493	-1.49709	0.962382	
67
365.29	70.3366	591.654	1166.19	119.269	0.404458	1.00246	1.1676	-0.139378	-0.608527	
68
372.612	220.453	895.03	1678.86	162.453	0.838394	0.65192	1.11631	-0.575037	-0.865351	
69
604.897	460.874	546.82	1716.15	581.909	0.978191	0.764026	1.15289	-1.73411	0.846517	
70
506.561	403.384	239.198	1565.68	311.877	0.75114	0.986122	0.303293	-1.14648	0.0788657	
71
415.433	457.825	301.373	412.945	91.1195	0.891303	0.522825	0.472183	-2.54549	0.25367	
72
1149.76	534.362	879.862	2060.67	181.489	0.595592	0.849827	0.783361	-1.01286	0.157731	
73
362.737	410.209	262.93	1294.62	109.072	0.489772	1.0691	0.65542	-0.988152	-0.563653	
74
848.829	359.516	928.016	1694.8	63.8591	0.969126	1.12215	0.679443	-1.731	-0.381529	
75
770.617	506.274	480.238	2050.51	172.176	0.218191	1.26815	0.335011	-0.568054	0.180857	
76
385.019	317.478	364.588	855.771	229.929	0.450286	1.06685	0.848605	-1.02185	-0.158166	
77
732.47	428.178	356.261	1467.33	132.029	0.617833	1.39805	0.151818	-1.21128	-0.0199618	
78
753.915	203.733	792.392	924.598	184.302	0.853056	1.01994	0.390016	-1.90284	0.992361	
79
795.885	340.797	690.798	804.811	246.727	0.99628	0.996375	0.468413	-0.583291	-0.189873	
80
856.433	524.944	638.266	701.933	100.056	1.04275	1.41072	0.548819	-2.20337	0.217055	
1
667.799	216.9	459.648	249.697	81.2148	0.574043	1.90754	1.8527	-4.14307	-1.21162	
1
220.18	117.812	208.974	88.0731	117.673	0.445727	0.43996	-0.939742	0.844385	0.0187292	
2
394.325	337.852	256.765	127.351	159.174	0.627053	0.807614	0.935786	0.717672	0.00689546	
3
433.843	381.767	362.198	259.55	198.435	2.02279	0.577117	1.2555	0.54843	0.421593	
4
331.301	213.188	107.099	91.788	100.11	0.544869	0.772443	0.23502	0.0508299	0.242376	
5
474.149	332.008	459.962	190.455	52.2471	1.55632	0.37183	0.907839	0.496602	-0.72399	
6
514.243	256.074	730.657	270.927	172.239	0.564838	1.6541	0.165579	1.03964	-0.709996	
7
218.706	102.158	242.725	44.8523	148.363	1.59747	1.38184	0.331637	-4.54746	0.30888	
8
267.448	92.9906	137.338	107.883	48.6939	0.347984	1.26686	0.0185456	-0.097337	-0.97781	
9
103.098	117.76	163.661	138.283	50.3881	0.139131	0.560211	0.967969	0.382203	-1.01373	
10
70.5056	275.955	161.871	98.4276	104.775	0.759038	0.429237	0.918746	0.31987	-1.23647	
11
49.4062	327.609	114.681	158.217	130.993	1.19185	0.272722	0.0109894	0.207926	-0.389497	
12
163.745	214.42	179.456	114.153	147.148	1.15446	0.423139	0.109994	0.408291	-0.614324	
13
152.366	411.864	312.634	155.052	97.0454	1.22943	0.566248	1.53216	-0.721608	-0.837777	
14
174.679	213.244	322.043	226.323	86.3281	1.27795	1.60214	0.863022	0.164288	-0.46093	
15
188.156	399.318	529.491	153.31	122.502	1.2577	0.250669	1.46045	0.0659318	-1.00519	
16
176.038	666.884	475.169	198.009	100.741	0.262254	0.544794	-0.00161841	0.162133	1.12601	
17
102.32	521.462	567.699	371.935	98.2884	1.76303	0.67901	1.30793	0.760202	1.19195	
18
159.674	768.692	435.25	322.877	163.487	1.07944	1.53953	1.09311	1.64294	-1.03849	
19
206.825	553.605	350.731	189.646	54.6984	0.772759	1.40413	-0.67958	0.763171	0.0610402	
20
296.486	642.436	325.125	369.329	117.418	0.844051	1.31136	0.9364	1.64584	-0.548131	
21
232.938	130.948	166.506	269.734	31.4927	1.40449	-0.0592168	0.653399	0.0179542	-1.2174	
22
129.257	98.6836	68.7322	240.52	96.4655	1.60306	0.963044	0.110094	-1.087	0.436505	
23
164.067	101.38	119.546	158.094	51.6439	1.13585	0.912675	0.668029	-0.420973	-1.00019	
24
197.386	85.7013	116.284	124.085	61.3306	0.844503	1.39358	0.426175	1.14834	-1.61397	
25
162.205	194.839	270.961	75.1383	578.582	1.52333	0.382008	0.0891334	0.0943574	0.430173	
26
287.284	216.203	584.344	55.6429	73.447	1.72956	0.755402	1.1816	-0.209223	-0.925926	
27
235.178	178.028	72.6988	53.2797	75.0561	1.34492	0.460477	-1.37205	0.0870805	-1.66774	
28
330.918	142.98	210.663	120.78	100.923	1.41459	0.639311	0.432535	0.628685	-0.633821	
29
205.972	86.3824	178.265	150.871	96.024	1.45499	-0.10148	1.01944	0.544606	0.139094	
30
121.327	44.7773	63.1397	41.4575	91.9825	0.680917	0.189821	0.547349	-1.72283	0.485439	
31
233.708	123.163	87.2556	186.039	111.323	1.51174	0.0228758	1.66016	1.1677	-1.64571	
32
322.023	216.255	135.854	331.087	247.752	1.16959	1.01945	1.47124	1.19774	1.20127	
33
247.763	418.404	317.975	576.141	398.4	1.15737	0.986849	-0.226277	0.412979	0.977872	
34
138.916	336.807	103.198	650.358	131.239	1.23504	1.01656	1.47284	0.381167	-0.396911	
35
243.22	635.584	258.886	656.919	534.435	1.89518	1.3699	1.77417	0.40924	0.768899	
36
220.829	219.342	285.567	515.179	281.071	1.83109	1.18388	1.28938	0.24889	-0.646477	
37
235.524	226.361	223.348	332.138	68.0071	1.34892	0.657931	0.902186	0.426117	-0.187113	
38
208.223	313.152	390.552	457.881	148.365	0.633704	1.72318	1.19106	0.118528	-0.0695489	
39
349.888	515.96	585.164	578.211	210.634	0.2952	1.29718	1.02448	-0.0407429	-0.253165	
40
299.48	424.563	362.823	829.317	343.541	1.0263	0.953184	1.12186	-0.0767084	-0.420681	
1
174.58	473.698	492.995	557.571	150.695	1.22696	0.749495	0.607929	-0.973676	-0.329647	
1
245.818	149.832	203.575	80.9414	105.33	-0.120744	1.04548	0.235658	0.695584	0.302758	
2
546.131	304.251	258.788	259.63	293.981	1.33547	2.67753	0.849362	1.67363	2.03117	
3
411.243	241.852	180.291	114.359	187.612	0.489672	0.661402	0.449762	0.42228	-0.917157	
4
502.3	90.186	95.8826	115.483	151.86	1.39798	1.92723	-0.163008	0.380288	1.76557	
5
654.905	121.313	172.654	188.814	221.743	1.44961	0.78896	1.56407	-0.29508	-0.183815	
6
448.824	129.249	195.204	242.93	219.474	0.586363	1.57812	1.8577	-0.0695567	-0.468739	
7
367.474	161.503	253.992	182.953	138.455	1.05601	1.31368	0.378214	0.332951	0.971931	
8
477.923	121.488	383.931	281.485	220.595	0.869494	-0.21891	1.66474	0.830333	-0.354621	
9
479.438	88.6335	276.682	225.814	190.92	1.69164	1.22215	0.851541	0.620546	0.527455	
10
702.082	109.171	601.189	309.16	328.023	1.85134	2.07008	1.47479	0.239094	-2.28972	
11
329.054	78.2277	224.807	158.555	67.0355	0.270108	1.39989	0.932726	0.506995	-1.24451	
12
320.821	80.9478	158.901	102.981	36.9658	0.091572	1.3224	1.28347	0.249586	1.23795	
13
574.615	225.345	355.392	396.573	135.701	3.00374	2.56552	1.31366	0.202417	0.28056	
14
617.481	385.835	663.015	382.584	326.567	2.80059	3.40137	1.28829	0.187313	-3.25806	
15
334.988	164.637	231.83	347.254	44.1907	2.25005	0.510961	1.98209	1.09442	-0.462457	
16
65.7598	151.97	214.766	326.5	47.9591	2.26502	0.850632	1.03599	0.40501	0.649622	
17
161.576	88.2777	202.584	188.897	57.2809	1.10094	0.937778	1.09188	-1.81645	0.112636	
18
333.984	157.456	207.124	355.128	330.549	2.36942	1.98753	1.82292	-1.05004	-0.0571822	
19
117.886	181.125	250.921	275.676	528.164	1.91865	2.1184	-0.99724	0.0980465	1.33912	
20
66.761	107.2	180.968	292.243	157.145	1.37227	2.07006	0.512391	0.178939	-0.552386	
1
296.361	233.304	241.049	678.554	226.253	2.29638	2.278	2.34393	0.848476	0.311164	
1
621.085	208.097	316.219	172.189	143.18	-0.718815	0.505046	1.06999	1.32828	1.3629	
1
255.826	124.098	190.403	99.6031	109.094	0.638903	1.28788	-0.355973	0.751019	0.796314	
2
655.334	110.146	523.401	381.334	212.849	2.23911	2.18557	2.85243	1.46682	1.5272	
3
420.548	367.486	269.144	373.256	168.685	1.44916	2.72471	1.89001	1.87815	1.1756	
4
349.131	87.3753	89.3661	130.863	120.513	3.0561	2.66191	2.57366	2.77012	-2.10422	
5
280.232	98.5083	215.894	151.658	75.712	1.81429	1.96517	1.7385	1.56443	0.635926	
6
183.496	143.404	237.079	164.093	138.671	1.93959	1.87191	0.431142	1.61265	0.817909	
1
242.787	130.463	200.98	66.8311	91.2043	0.587484	1.35018	-0.674855	0.623745	-0.0808014	
1
717.581	204.26	360.181	204.278	234.514	-1.23503	1.45199	1.23296	2.18764	1.23895	
