1
15546	18025	32	1789	6029	
2
2831	7445	14	1524	19	
3
2136	1526	23	61144	6646	
4
2951	30597	1224	2424	137	
5
3082	738	10738	9038	4693	
6
3997	7016	8358	2950	4247	
7
5343	10881	864	3565	35102663	
8
4116	30458	35363	1647	231	
9
2535	42486	1097	7779	1756	
10
3746	158173	25890	7200	14932	
11
3882	6611	4826	18828	1522	
12
3398	432	34557	5558	104050	
13
1910	717025	1911	15429960	161	
14
2875	698	2902	25	348987	
15
2369	439	107470	894699	30	
16
6767	13827	787	132739	37141	
17
12623	645	10879	1205	8361	
18
1897	2885	1471	798	9758	
19
3396	14373	1716	3546	23	
20
2832	5328	25	4802	3153	
21
2445	27927	15951	33169	26144	
22
3996	25046	1240	31806	1003	
23
3852	4879	2726	57849	1413	
24
2341	1320	1104	3264	27	
25
6990	12270	9167	5305	2104	
26
3395	2694	52972	4354	51328	
27
962	126008	50229	12472	40	
28
2829	25147	64441	12055	420	
29
4557	1111	1108	21870	3168	
30
2690	132764	2729	3092	78625	
31
1747	5914	195389	8576	4283	
32
2357	30403	1709	43	1256	
33
1621	24163	1343605	1439507	8513	
34
3335	327	27378	82	43539	
35
2657	13209	337501	564	4242	
36
1549	20573	9101	3955	507761	
37
13754	3489	902	451	611	
38
2286	2291	408780	125	1848	
39
3519	9476	215812	306424	30502	
40
3438	1215	1976	70167	203	
41
4696	16	381706	515	1024550	
42
1490	779	1044	3174	19	
43
3741	1044	6195	376	1713	
44
1768	29577	1703	1430404	147	
45
1221	1427	1193	963	24	
46
2217	263752	2530	316	655	
47
2713	24110	55022	20410	18095	
48
1360	4974	1959	27	698	
49
2620	7965	2116	56419	3214	
50
1181	958	8981	3794	3296	
1
1491	9675	3021	4035	63186	
2
1420	967	5835	8189920	555315	
3
3553	1342	1663	14605	8734	
4
3691	2732	1267	9267	859	
5
13868	13250	2312	1934	23	
6
4476	1979	77806	12727	946091	
7
3794	4180	449	2350	27	
8
7698	12339	35634	21	85	
9
5939	617350	1299	17	17	
10
1735	28415	127293	2758	89980	
11
1195	29450	90504	3152	38	
12
1274	1152	34	6606	6585	
13
1839	692	7895	41	1984	
14
2557	2979	40547	1686763	3049	
15
3902	1385	1591	20	17032	
16
5656	71471	2806	562	1106	
17
1981	35	88927	34	30	
18
1286	53	5182	23	2177	
19
19559	14166	4970	6856	20	
20
1453	11701	408	38	37	
21
2571	5084	1026	571	37	
22
3607	99457	114	160	26	
23
2450	988300	400	39889	32140	
24
2661	47928	238042	2898	28232	
25
1691	527	45492	231	40	
26
1875	593	4350	9950	14919	
27
2079	302	16794	8359	293	
28
2377	6691	181	122282	3191	
29
2129	55213	1550	4760	3542	
30
3876	29	1596	887	36822	
31
10139	899761	125963	1762	1511	
32
6413	18	60362	1367	44203	
33
2611	1119927	2603	2631	3540	
34
2865	23824	2905962	3719	20048	
35
1743	43744	3327	31	44245	
36
1846	75788	395	4373	5658	
37
2622	4402	685870	2417	1392	
38
6308	1883	1777	8185	29	
39
3716	19	782050	5461	26	
40
1203	3317	17308	8408	6730	
41
2093	2571	112284	33	21	
42
1884	817	1828	17641	59764	
43
4713	21	19763	24953	6243962	
44
1636	4930	727	127132	5098	
45
2141	2709	2347	1449	2162	
46
10230	5653	1098	272	1200	
47
1193	17042	690	49554	1501	
48
3220	778	1787	1447	1120	
49
4943	1971	3513	1119	26	
50
5338	162281079	40229	7084	1325	
1
3648	9275	28	1043	502820	
1
927	44325	4826	12546	3774	
2
883	1141	53	9389	8868	
3
3100	92330	31148	800	1351	
4
9320	9025	18375	16	24168	
5
7155	143	80382	24	4745	
6
4349	165	36	5131	4247	
7
4337	2363	81625	359	110	
8
2259	5031	696	5774	674	
9
4552	9385	6669	15393	42	
10
1103	1110	72287	15167	37305	
11
1262	27613	20535	1772	409	
12
2747	1266	88471	1103	19	
13
2924	7411	7701	2768	5255	
14
1615	32269	746	17	1692	
15
4311	1166	449	90983	2168	
16
1350	5611	1289	14	8878	
17
1906	13136	32826	15	6500	
18
5232	21	2470	3049	6651	
19
161	58	25	396	1628	
20
1674	8225	4601	21	380	
21
4217	1079	3849	2134	3070	
22
2475	267742	8878	699	885	
23
3740	3032	5516	40736	19	
24
6113	641	55171	40	1743	
25
1908	640	1987	23	40	
26
1075	81847	55073	2679	4431	
27
8765	35599	701	1788582	71	
28
1798	5425	394	618	50	
29
2584	101444	31	2965	821	
30
630	1715	284	42	76428	
31
1819	633	29304	1188	60909	
32
1267	2848	916	31138798	633	
33
3155	1331	1082	32	629	
34
2256	2560	2066	2091	12185	
35
3436	26903	115914	45229	12992	
36
449	34	3804	8043	1098	
37
17910	48595	19768	10982	3496	
38
8096	32224	7219	16197	6878	
39
3363	27	347269	35674	4931	
40
3288	13567	1690	4419	302350	
41
3019	1089	1767	1165	1927	
42
6528	339	2690	208345	5887	
43
2366	2494	20	2638	7494	
44
4137	9854	20	999	1009	
45
577	2974	22	391	27041	
46
691	373	21	18	7553	
47
507	437	35199	1317	3443	
48
7126	158106	99415	6667	2534	
49
1317	2016	6762	939	3173	
50
2829	1828	4722	2587	1111	
1
3914	4615	25	60482	3726	
1
19797	7917	2067	53251	48172	
1
18894	15388	2432	19856949	11694973	
