-0.131527	0.0529266	-0.395915	-0.342709	0.0198619	-0.414263	-0.535878	-0.269441	-0.658469	
-0.337096	-0.263864	0.0508694	-0.411467	0.0801433	0.547779	0.224358	-0.422402	0.126034	
0.212709	0.123113	-0.144354	0.023175	-0.10695	0.637482	-2.26265	0.288129	-0.493426	
-0.231674	-0.122793	0.465099	-0.608521	0.264996	0.115918	0.265834	0.0319956	0.580829	
-0.313686	0.0626358	-0.162107	1.08484	-0.252128	0.165525	-0.011542	-0.109816	-0.45367	
0.0207982	-0.296228	0.0501485	-0.054126	-0.511167	0.225442	0.0763513	0.454264	-0.165341	
0.170585	-0.306835	0.0939857	0.155957	0.247926	0.260413	0.263733	0.263433	0.78266	
0.243423	-0.461378	0.28892	0.411984	0.330938	-0.312178	-0.0190837	-0.0380221	0.238631	
-0.698038	-0.0955232	0.0156069	-0.409132	0.0750118	0.367036	-0.161322	-0.0337431	-0.153732	
0.42815	-0.0689311	-0.0540746	-0.133689	-0.0440395	0.207126	0.314637	0.0861017	-0.281646	
0.407716	0.1443	0.279334	0.264279	-0.340652	-0.183885	-0.615923	-0.00762653	-0.399702	
0.120712	-0.345713	-0.257277	-0.0331112	0.318941	0.000250163	-0.478188	-0.128049	0.0119876	
0.38843	0.446885	-0.506816	
0.570454	0.109881	0.0654491	
0.108329	0.0698828	0.156662	
-0.00373069	-0.219226	0.0326589	
-0.222484	0.131786	0.0213947	
-0.0596878	0.560166	0.855977	
-1.5511	0.57903	0.422942	
-0.14439	-0.256518	-0.260541	
-0.329789	-0.132203	-0.206645	
0.200138	
0.418283	
0.058385	
