-0.580387	0.282271	-0.482731	-0.211107	0.542578	0.0242687	0.527044	0.404465	-0.280157	
0.144945	-0.136685	-0.0605942	0.0305465	0.0770485	0.0250291	-0.104972	-0.104496	0.223114	
0.193115	0.3173	0.179544	-0.159797	-0.429304	-0.174359	-2.26265	0.148452	0.241368	
-0.378672	0.0905418	-0.308777	-0.211973	0.423029	0.45076	0.0191817	-0.217012	0.0842753	
0.353463	-0.33153	-0.0367488	-0.0197978	0.515646	0.328487	-0.251009	-0.262058	-0.366445	
0.769728	0.642583	0.382189	-0.279649	0.361786	0.713973	-0.301172	0.395	0.14921	
-0.0770495	-0.088096	0.276369	-0.0162846	0.0811245	-0.173021	-0.0837726	0.314454	0.395202	
0.120329	-0.0250166	-0.00420354	0.00334457	-0.246127	0.219806	-0.1241	-0.134311	0.185964	
-0.494321	-0.0462194	-0.412332	0.244088	-0.00906859	0.151744	-0.115157	0.242972	0.313007	
0.0756692	-0.110938	-0.0299328	-0.177621	0.320719	0.0708865	0.249668	-0.00101367	-0.227202	
0.113728	0.231833	0.349126	-0.0480285	-0.112492	0.318922	-0.418923	-0.380335	-0.0245554	
0.148511	-0.272103	0.385699	-0.160356	0.922747	0.294021	-0.0165763	0.0669637	0.347264	
0.38843	0.436096	0.231622	
0.730871	-0.136511	0.212994	
0.149114	-0.0414832	0.150249	
-0.248406	0.846424	0.0713314	
0.0806802	0.469142	-0.275787	
-0.431298	-0.140956	0.0526283	
-1.5511	-0.503616	-0.0725909	
-0.368236	0.0317136	-0.0904511	
-0.203238	0.328542	0.306516	
0.0978639	
0.475516	
-0.45758	
