0.491991	1.17581	1.10978	0.947176	-0.416753	-0.181342	0.768541	0.339364	-0.304389	
-0.390784	0.660414	-1.13157	-0.0821458	-1.22903	-0.676479	-2.1018	-0.462839	-0.0420831	
-1.36252	2.40943	-0.316524	-1.26324	-2.11341	-1.21385	-0.186169	2.42252	-1.47787	
-1.9598	1.05906	-0.844275	-0.688993	1.4225	1.37065	-0.499797	1.51061	0.0644998	
-0.446485	-0.514706	1.78068	-2.2975	-0.685837	-1.23697	-0.0289263	0.366195	-0.154314	
0.378712	1.46243	0.101335	0.62264	0.373576	-0.488866	1.63683	1.01951	-1.15483	
0.676896	-0.808532	-2.56544	0.887146	-0.617603	-2.05558	1.35217	-0.888547	-1.92187	
-0.613705	0.361684	0.418418	-0.0277369	-1.83357	0.181784	0.353801	2.33535	-1.29481	
0.93674	0.98754	1.92167	-2.13871	-0.202794	1.52967	0.814202	0.827192	1.6002	
-0.102638	-0.632727	-0.13495	1.3577	-1.54414	-0.797817	-0.42986	0.967255	0.222002	
0.423582	-1.00463	2.44666	-1.11788	-0.613162	-2.46493	-0.371619	-0.905315	2.11719	
0.0173062	0.76542	-1.27534	-0.0217659	0.440863	-0.949737	1.96729	-2.38983	-0.396924	
-1.08743	-0.0217528	-0.0473738	
2.19768	0.226067	-2.84837	
1.43484	-2.42767	-0.681285	
-1.37554	1.90462	2.64926	
-1.81712	0.897327	-1.33458	
-1.45041	-1.60297	-1.2833	
1.46532	-1.79004	-0.0453067	
1.17084	1.19663	0.142169	
1.45598	-0.547358	-0.141828	
0.200977	
-1.22074	
-0.412197	
