-0.00955541	0.165587	0.0813391	0.235772	-0.166377	-0.351642	0.30514	-0.0418019	-0.120171	
-0.0545485	-0.316856	-0.0487123	-0.00403522	0.259405	0.0225871	0.0182976	-0.143134	-0.132952	
-0.0614003	0.0271404	-0.128949	0.0597534	0.250628	-0.434966	-2.26265	0.343064	0.0701788	
0.165947	-0.59531	-0.365125	0.0805894	-0.0690506	0.0254819	0.163881	-0.125074	-0.332287	
-0.218389	0.0139904	-0.0641864	0.0833279	-0.133022	-0.481588	-0.0195911	-0.41353	0.139279	
0.104447	0.294209	-0.252591	0.105207	-0.567292	0.094583	-0.23498	0.342427	-0.405633	
-0.246692	0.211748	-0.0663505	-0.162789	-0.690598	0.0739624	0.481665	0.0828273	-0.0542493	
0.355867	0.454856	0.229172	-0.144264	-0.0871867	-0.213126	0.236005	-0.359091	-0.0599475	
0.405969	-0.551179	-0.451488	-0.369777	0.179641	-0.0187077	-0.185549	-0.311718	-0.0954596	
-0.475075	0.556524	-0.187082	0.299166	0.128349	-0.112734	0.492252	-0.0576702	0.366069	
-0.165634	0.0959572	0.46603	-0.437499	0.320194	0.458853	0.20062	0.149997	-0.220214	
-0.499297	0.482741	-0.0699879	-0.150828	-0.366909	0.0564374	-0.0746006	0.217157	0.0725819	
0.387954	0.071498	-0.175285	
-0.0590773	0.164181	-0.102453	
0.276839	-0.0458274	-0.00787553	
-0.00631151	0.170978	-0.338054	
0.200047	0.737623	0.299204	
0.006392	-0.0346048	-0.122866	
-1.5511	-0.403422	0.00413579	
-0.01184	-0.10608	-0.062411	
0.544836	0.127664	-0.00951851	
1.15774	
0.562638	
-0.0736437	
