-0.223501	-0.149149	0.0400364	-0.247018	-0.238743	0.295102	0.0903392	-0.292032	0.215244	
-0.0967423	-0.374487	-0.173616	-0.459997	0.0784783	-0.00865272	-0.196643	0.442768	-0.00128371	
-0.382541	-0.536422	-0.23832	-0.363214	-0.252459	-0.0311238	-2.26265	-0.408646	0.225566	
0.273989	0.37697	-0.196932	0.112653	0.556704	-0.447742	-0.474653	-0.485352	0.134302	
0.308891	0.118695	-0.0195878	0.911731	-0.512944	0.031244	-0.468685	0.203342	0.633983	
0.371539	0.0721159	0.0166128	-0.156997	-0.0855231	0.00929242	-0.390463	0.113225	-0.035075	
-0.365042	-0.168647	-0.340307	-0.704151	0.669051	-0.127272	0.202145	-0.449214	-0.211506	
0.24645	-0.383266	0.169727	-0.0195732	0.624713	0.0901592	0.230082	-0.255111	0.1963	
0.304913	-0.231781	-0.240542	-0.102284	0.317597	0.421982	0.340654	-0.0931889	0.669828	
-0.23611	-0.355919	-0.202458	-0.310359	0.031711	-0.203122	0.0364322	0.104541	0.183755	
-0.295528	0.0869727	0.302156	-0.0442755	-0.204962	0.539855	0.242734	0.560326	-0.18089	
-0.0860511	0.4726	0.206543	-2.27153	0.131789	-0.237357	-0.11259	-0.744738	0.26221	
0.066934	0.00108066	-0.133892	
0.237231	0.0911935	0.680393	
0.130726	0.0757997	0.133665	
0.237133	0.0777219	-0.329489	
-0.511974	0.136885	0.178571	
0.431475	-0.104238	-0.205696	
-1.5511	-0.202259	-0.0394611	
-0.441087	0.023119	-0.0105482	
0.094121	-0.0955863	-0.232517	
-0.562191	
-0.21298	
-0.58743	
