-0.580387	0.282271	-0.482731	-0.211107	0.542578	0.0242687	0.108123	-0.498652	-0.280157	
0.144945	-0.136685	-0.0605942	0.0305465	0.0770485	0.0250291	-0.104972	-0.104496	0.223114	
0.193115	0.186335	0.192755	0.206038	-0.429304	0.166463	-2.26265	0.148452	0.241368	
0.104341	0.0905418	-0.308777	-0.211973	0.423029	-0.0707938	0.0191817	-0.217012	0.0842753	
-0.329111	-0.33153	-0.295527	-0.322896	0.515646	0.328487	-0.251009	-0.262058	0.38031	
0.769728	0.0511579	0.382189	-0.279649	-0.130542	0.713973	-0.301172	0.395	0.14921	
-0.0770495	-0.261177	0.276369	-0.0162846	0.0811245	-0.0529823	-0.0837726	0.260251	0.395202	
0.120329	-0.00523838	-0.00420354	0.00334457	-0.246127	0.219806	-0.1241	-0.0637972	0.185964	
-0.494321	0.234122	0.00291972	-0.518334	-0.00906859	0.151744	-0.115157	0.0167965	0.313007	
0.0756692	-0.110938	-0.453736	0.17226	0.0592073	0.0708865	0.249668	-0.00101367	-0.164888	
0.113728	0.231833	0.349126	-0.0480285	-0.112492	0.0921997	-0.418923	-0.380335	-0.0245554	
0.148511	-0.272103	0.385699	-0.160356	0.922747	0.233056	-0.0165763	-0.487595	0.347264	
0.702372	0.436096	0.231622	
0.730871	-0.146565	0.212994	
0.149114	-0.176499	0.150249	
-0.248406	-0.0497695	0.0713314	
0.0806802	-0.386843	-0.275787	
-0.431298	-0.140956	0.760853	
-1.5511	-0.503616	-0.686412	
-0.250027	0.0317136	-0.0904511	
-0.203238	0.328542	0.306516	
0.0978639	
0.189396	
-0.45758	
