0.116645	-0.0115622	0.0400364	0.0285431	-0.238743	0.0124134	0.0903392	-0.292032	-0.419365	
-0.0967423	-0.374487	0.165032	-0.459997	0.0784783	-0.00865272	0.288601	0.394209	-0.249215	
0.0481721	-0.35468	0.0539354	-0.363214	-0.252459	-0.0311238	-2.26265	-0.408646	0.225566	
-0.196985	-0.0993926	1.9058	0.112653	0.556704	-0.447742	-0.474653	-0.213944	0.446407	
0.308891	0.154063	-0.0195878	-0.134996	-0.832083	0.031244	-0.468685	-0.19952	0.633983	
0.107387	0.0721159	-0.442087	-0.156997	-0.0855231	0.433612	-0.390463	-0.0424533	0.104121	
0.330045	-0.0219565	0.249497	-0.100783	-0.0414774	-0.293116	-0.0175986	-0.449214	-0.211506	
0.189965	-0.330543	-0.403041	-0.0195732	0.624713	-0.0883087	0.0287236	-0.255111	0.104271	
0.19864	0.495677	-0.240542	-0.0953764	-0.365371	-0.00138275	0.340654	-0.157139	-0.262048	
0.100659	-0.0722707	-0.202458	0.163473	-0.0309232	-0.203122	-0.190625	0.104541	0.183755	
0.267108	-0.526652	-0.288535	0.0160704	-1.90732	0.270946	0.242734	0.418006	-0.18089	
0.210848	0.4726	-0.330902	0.102034	0.123643	-0.237357	0.446664	-0.158156	0.523129	
0.246096	0.509592	-0.133892	
-0.128031	0.0911935	0.680393	
0.118373	-0.211655	-0.315817	
0.275595	0.69944	-0.329489	
-0.307331	0.136885	0.178571	
0.431475	-0.117915	-0.205696	
-1.5511	0.0212205	-0.336534	
-0.0580909	0.263214	-0.0105482	
0.433285	-0.246957	0.657052	
-0.562191	
0.264391	
-0.372583	
