0.180152	0.138897	-0.383583	0.211157	0.585132	-0.0236833	-0.214698	0.126826	-0.441663	
-0.250322	-0.1705	0.17234	0.464823	0.274191	-0.376177	-0.273705	-0.296513	-0.2636	
-0.486073	-0.407877	-0.0420888	-0.349931	-0.292119	-0.342243	-0.00902614	0.0982661	0.491021	
-0.187256	0.0978403	-0.283323	-0.441754	0.206167	-0.141687	-0.13664	0.379875	-0.1093	
-0.322904	0.122328	-0.408676	-0.153597	0.144538	-0.276268	0.136314	0.303639	0.118081	
0.32334	-0.375562	0.0522584	0.129245	-0.897694	-0.406487	-0.00453928	-0.0481701	0.210324	
0.204701	0.0016431	-0.37147	-0.126584	-0.136832	-0.183099	0.139952	-0.224605	0.339243	
-0.377886	0.466211	-0.324728	0.0852745	-0.282439	-0.378622	0.0770923	0.410226	-0.29176	
0.00471887	0.177614	-0.270424	0.735559	-0.0976181	0.134888	0.217711	0.262348	0.11137	
0.00780811	-0.0746555	-0.580032	-0.27927	0.502606	0.139199	-0.0452891	0.308046	0.387832	
0.157806	-0.0919178	0.174805	0.0692017	-0.164203	-0.330958	0.466721	0.0735384	0.311756	
0.538453	-0.0381622	-0.0283133	0.726826	0.00537456	0.178712	-0.0547758	0.0922882	0.345871	
0.851038	-0.318983	-0.0330522	
-0.318421	-0.149753	0.000395662	
-0.303757	-0.261831	0.890504	
0.0164504	0.572618	-0.477933	
-0.0155128	0.110139	0.0829541	
-0.644118	0.909225	-0.130676	
0.0108217	-0.177694	-0.122537	
-0.285157	0.723817	0.205634	
-0.275463	-0.408198	-0.182103	
0.0515694	
-0.164113	
1.47029	
