0.853442	0.111931	-0.308433	0.106961	0.0976046	0.357781	0.496267	0.147913	0.628338	
-0.102205	-0.293827	0.281575	0.0401616	0.149737	-0.377749	0.045309	-0.16848	-0.039822	
0.406842	2.40943	-0.119088	0.161226	0.41403	0.347589	-0.024178	0.0327682	-0.592227	
0.0791933	0.466241	0.246782	-0.0275376	-0.150734	0.320978	0.214618	0.474441	-0.379449	
-0.349009	0.390236	0.122903	-0.0302267	-0.351011	0.440373	-0.274116	-0.286579	-0.259345	
0.0586008	0.651913	-0.125542	-0.280513	-0.176521	0.173658	-0.129713	0.00826141	-0.388548	
-0.359056	-0.433045	-0.306533	-0.131856	-0.687594	-0.267754	-0.289226	-0.410805	0.166668	
-0.000809027	-0.0463285	0.347975	0.0333438	-0.0663047	0.453742	-0.00749541	0.0210678	0.221089	
-0.309069	0.559448	0.301452	0.163873	0.237201	-0.184471	-0.194444	0.0133043	-0.143322	
-0.267133	-0.475059	-0.409329	-0.393142	0.57512	0.047484	-0.0452019	0.0146025	0.195992	
-0.389803	0.284845	-0.0057806	-0.162181	-0.186955	-0.214384	-0.219482	0.0966482	-0.177783	
0.51166	-0.5626	-0.00154475	-0.0972273	-0.385606	-0.293544	-0.014126	0.0072712	-0.158099	
-0.687864	0.0213752	-0.0170404	
2.19768	0.205735	-0.228136	
-0.423553	0.580587	-0.239191	
-0.102446	-0.289228	-0.414624	
-0.700806	0.676373	-0.377671	
-0.261065	0.34387	-0.0604759	
-0.0435039	0.0759656	0.259796	
-0.149376	0.218717	-0.339792	
0.552372	-0.445782	0.561823	
-0.351628	
-0.230229	
-0.145723	
