0.274785	0.186648	0.126987	0.0363928	-0.435849	0.459007	0.121638	-0.0991447	0.530983	
0.640267	-0.218466	-0.26015	0.154925	0.408553	-0.0117827	0.350464	0.188008	-0.469853	
0.212709	-0.00651509	-0.144354	-0.137595	-0.0996416	0.637482	-2.26265	0.106873	-0.00582424	
0.0835275	0.160543	-0.190964	0.175318	-0.469331	-0.020173	-0.554134	0.266336	0.668731	
-0.313686	0.169684	0.591976	0.4025	0.424183	-0.343381	-0.494655	-0.116898	-0.392064	
-0.0939587	-0.011795	-0.272181	-0.0153582	0.174791	0.484539	-0.19585	-0.403464	-0.486238	
-0.394931	-0.284145	0.116678	-1.20399	-0.789499	0.260413	-0.0837726	0.263433	-0.243815	
-0.289908	0.353775	-0.100138	0.0741801	0.101616	0.061645	0.222078	0.364682	0.415091	
-0.494321	0.0740009	-0.081073	-0.395069	-0.208874	-0.0993137	-0.115157	-0.242856	0.0941439	
0.0679132	0.182757	0.0961811	0.0858293	0.144858	-0.207892	0.235677	0.466575	-0.331496	
0.131423	-0.226539	0.279334	0.164901	-0.0667664	0.0823192	-0.360635	-0.399408	-0.256008	
0.136525	-0.345713	-1.55898	-0.261341	0.178731	-0.641667	-0.566668	0.726164	0.201577	
0.38843	0.0388829	-0.177532	
0.570454	0.150511	-0.131653	
0.149114	-0.36617	0.918557	
0.287693	0.715224	0.894443	
-0.281329	0.36824	-0.093004	
-0.0596878	-0.278725	-0.366714	
-1.5511	-0.165985	-0.68728	
-0.174759	0.0966049	0.0170842	
-0.124869	0.235205	-0.159395	
-1.43517	
0.311671	
-0.256776	
