-0.208767	-0.680018	0.203623	-0.0535659	0.528613	0.476667	-0.220005	0.431652	0.0505444	
-0.666478	0.264378	-0.295003	0.0630583	-0.16171	0.15361	0.210784	0.31048	-0.386147	
0.628152	2.40943	0.613313	0.194682	-0.345916	-0.0312943	0.205038	-0.0845429	-0.298145	
0.457892	0.25463	-0.161263	0.328518	0.392751	-0.0584181	-0.015233	-0.0303199	0.184339	
0.196532	0.636789	0.169428	-0.282753	0.347738	-0.0485182	0.547509	0.530455	-0.462473	
0.0103723	-0.142639	-0.180503	0.431654	0.194847	-0.0147089	-0.567548	0.0465934	-0.357607	
0.20164	-0.15546	-0.161715	0.277607	-0.436916	0.273274	0.158895	0.441492	-0.240737	
0.163654	0.0807344	-0.224768	0.276721	-0.0809026	-0.356926	-0.312768	-0.116451	-0.108949	
-0.335973	-0.0682901	-0.208584	-0.22054	0.323225	0.287022	0.0192497	0.0102767	0.0308181	
0.397661	0.385	-0.119866	-0.59355	0.227202	-0.281954	0.178913	0.394946	-0.10652	
0.390958	0.320261	-0.370352	-0.40842	0.67838	0.00678737	0.0948298	0.0815098	-0.295054	
0.165095	0.0291189	-0.228574	-0.101947	0.227925	0.00814068	-0.00749933	0.241555	0.0375087	
-0.453333	-0.0928545	-0.0807406	
2.19768	-0.276561	-0.183753	
-0.382377	-0.178282	-0.25722	
-0.520783	-0.627035	0.0359897	
-0.0812536	-0.0832568	-0.522342	
-0.438981	0.346197	0.0679438	
-0.0348419	0.678393	-0.272084	
0.083273	0.220946	-0.120268	
-0.10247	0.151002	-0.0698382	
-0.937214	
0.682393	
-0.149732	
