0.491991	1.17581	1.10978	-1.16316	-0.416753	-0.181342	-0.870395	1.70064	-0.304389	
-0.390784	-0.850012	0.295557	-0.0821458	-1.22903	1.70429	-2.1018	0.311441	-0.0420831	
-1.57516	2.40943	-2.02649	-1.26324	-0.150938	-1.21385	0.923627	0.268722	0.572703	
0.105968	1.05906	-0.844275	-0.849881	1.4225	1.37065	-0.499797	1.51061	-0.0385027	
-0.855317	-0.429356	0.151067	-2.2975	-0.685837	-0.630755	-1.11475	-1.02664	0.58846	
0.361738	0.45884	0.954994	-0.684244	0.156832	0.789292	1.63683	1.01951	-1.15483	
-0.0243903	-1.10836	-1.08855	-0.503332	1.46407	-2.05558	1.35217	-0.356088	-0.929654	
-0.613705	0.361684	0.418418	-0.631586	-1.26449	-0.61548	0.353801	-0.106105	0.200691	
0.93674	0.98754	0.652361	-1.41276	1.54734	1.52967	1.77262	-0.99382	-0.484477	
1.24723	-0.0634784	-0.837069	-0.0835988	-0.361897	1.17212	-0.42986	-0.411043	0.222002	
-0.504799	-0.0166037	-1.16442	-1.11788	-0.890531	-0.77495	-0.371619	-0.905315	2.11719	
1.19317	1.15474	-1.27534	-0.0217659	0.670136	0.622653	0.866486	-2.38983	-1.70846	
-1.08743	-0.0217528	-0.714695	
2.19768	0.226067	-2.84837	
-0.860174	-0.819884	-0.681285	
-1.37554	1.90462	-0.0786718	
-0.176108	0.897327	-1.33458	
-1.45041	0.201617	0.678509	
-0.607685	-1.79004	-0.0453067	
1.22924	-0.643799	0.142169	
1.45598	0.180603	-0.503088	
0.200977	
-1.22074	
-0.412197	
