0.929631	-1.01131	-1.20298	-0.335974	0.310408	-1.59199	-1.1732	-0.999503	0.252361	
0.970792	-0.540883	-0.913964	-1.06013	0.770453	-1.32875	1.66017	-1.45502	0.5139	
-2.0551	1.64755	1.26428	-1.03083	1.00701	-1.46868	-0.978001	0.356591	-0.156346	
-0.776758	-0.205943	1.00263	0.415756	0.404964	0.261573	-0.788327	0.565436	-0.135603	
-0.110713	-0.280318	-1.51197	-0.961302	-0.30983	0.125833	1.52467	-0.131274	-0.982698	
0.350745	-0.0042373	0.922809	1.20257	0.551095	1.12876	0.947285	-2.17351	1.278	
-0.337299	1.07201	0.0378196	0.037883	-0.457715	-0.919711	0.971097	1.81892	-0.52078	
0.467372	-0.861922	1.97704	0.326811	-0.148778	0.913621	-0.947593	-0.193862	0.25266	
0.250719	0.523887	1.41787	-0.0326324	-0.757322	0.407666	-0.036752	-0.848481	0.552847	
0.557148	0.891559	0.0142585	1.02166	0.970748	-1.29543	-0.0528434	1.65826	0.337922	
0.0222716	0.646074	-0.873926	0.0384962	0.314293	-0.299469	1.66609	0.0367523	-0.445641	
0.406449	-0.91414	1.04582	-2.33989	0.680985	0.0523989	-1.37275	-2.05195	1.8878	
-0.499688	0.816393	0.853565	
1.74646	1.48655	0.898879	
0.648544	0.25289	-1.1161	
-1.03845	0.198128	-0.868018	
0.252083	0.743087	1.26645	
-1.4959	-0.998653	-0.148952	
0.579291	-0.754072	0.790192	
-1.13272	-0.25242	1.52307	
0.151597	0.779672	-2.1294	
0.63807	
-0.562551	
0.355369	
