0.0797818	0.302296	0.224737	0.211627	-0.548417	0.45424	0.198846	-0.53179	-0.0778576	
-0.0739965	-0.0923507	0.187038	-0.266532	0.696179	-0.416558	0.107432	-0.31728	-0.02386	
0.0724061	2.40943	-0.0923417	0.357278	-0.634494	-0.0514345	-0.218493	0.161741	-0.012179	
-0.480181	0.206184	-0.24363	-0.0774742	0.592723	0.255315	-0.559493	0.106455	0.383642	
-0.172213	0.263094	-0.00103346	0.0619603	0.0890028	-0.321776	-0.250946	0.252053	0.153325	
-0.273463	-0.224742	-0.240224	-0.554753	0.184965	-0.331835	0.0789392	0.0853392	0.0691896	
-0.0774142	-0.0443327	0.173855	-0.0345991	-0.00156492	-0.15481	0.341008	-0.253856	-0.017818	
-0.113037	0.30314	0.327824	0.407057	-0.414047	0.487033	-0.559909	-0.487694	0.177044	
-0.0979413	-0.127303	-0.422874	0.247758	0.0414043	0.236236	-0.0811774	-0.272875	0.0711645	
0.635603	-0.363364	0.271604	0.0578236	-0.179319	-0.106873	0.13981	0.315459	-0.428942	
0.124819	-0.240358	0.3978	0.0845781	-0.452028	-0.0651977	-0.144653	0.100684	0.200711	
0.0265614	0.309461	0.284558	-0.0906974	-0.118177	0.223205	0.305525	0.26394	0.1818	
-0.662668	0.551414	-0.349627	
2.19768	0.0656129	0.449617	
-0.246907	0.249549	0.300439	
-0.422805	0.59854	0.0297845	
0.325707	0.265668	-0.0853057	
-0.242062	-0.508699	-0.311553	
-0.455199	-0.474516	0.141785	
-0.0721566	0.0731017	-0.23736	
-0.480862	0.330387	0.0747783	
-0.237591	
-0.102238	
-0.480712	
