-0.223501	0.193929	0.0400364	0.0285431	-0.21491	0.0124134	0.0903392	-0.292032	-0.419365	
-0.0967423	-0.374487	0.165032	-0.459997	0.0784783	0.102159	0.0998837	0.394209	-0.249215	
-0.42632	-0.35468	0.0539354	0.447856	-0.0209339	0.132425	-2.26265	-0.408646	0.225566	
0.20034	0.240247	0.358179	0.112653	0.556704	-0.447742	-0.474653	-0.213944	0.258025	
0.308891	0.343769	-0.0195878	-0.134996	-0.832083	-0.19838	-0.468685	-0.19952	0.633983	
0.00884168	0.0721159	0.109027	0.0693347	-0.0855231	-0.0981898	-0.121166	-0.0424533	0.104121	
0.249341	-0.0219565	0.249497	-0.100783	-0.0414774	0.105786	-0.127684	-0.449214	0.0640447	
0.189965	-0.29416	0.169727	0.0024842	0.624713	-0.302645	-0.110772	0.429615	-0.613	
0.304913	0.495677	-0.240542	-0.0706026	-0.0319177	-0.00138275	0.177867	-0.157139	-0.262048	
0.100659	-0.355919	-0.202458	0.163473	-0.0309232	-0.203122	0.054023	0.0869613	-0.122724	
0.0912149	-0.526652	-0.288535	0.0160704	-1.90732	-0.356707	-0.151656	0.418006	-0.18089	
0.210848	-0.00696492	-0.330902	0.102034	-0.0362311	0.219572	0.192084	-0.158156	-0.0855798	
0.246096	0.509592	-0.133892	
-0.170237	-0.0499803	0.680393	
0.118373	-0.272211	0.160376	
0.275595	0.69944	-0.329489	
-0.307331	-0.228249	-0.200302	
0.431475	-0.304834	-0.205696	
-1.5511	-0.119347	-0.336534	
0.086275	0.263214	0.320648	
-0.178903	-0.246957	0.657052	
-0.123951	
-0.247345	
-0.372583	
