0.014735	0.101533	-0.383583	0.0431901	-0.110562	-0.0236833	0.0770215	0.126826	-0.340373	
-0.023205	-0.1705	0.415467	0.464823	0.745607	-0.376177	-0.273705	-0.296513	-0.2636	
-0.486073	-0.0426193	-0.0420888	-0.394729	-0.292119	0.0273116	-0.00902614	0.0982661	0.491021	
-0.225831	0.0978403	0.112134	0.655283	0.0704003	-0.141687	0.301793	0.379875	0.262101	
-0.322904	0.122328	-0.4162	-0.153597	-0.107256	-0.0763273	-0.20281	0.538068	0.0603489	
0.32334	-0.375562	-0.260035	0.129245	-0.897694	-0.0111706	0.268503	-0.0596214	-0.706263	
-0.395289	-0.0273794	-0.176109	-0.445267	-0.136832	-0.183099	0.237248	-0.224605	-0.0500927	
-0.323442	0.466211	-0.287688	-0.600221	0.137089	-0.665121	0.0770923	0.0906779	-0.29176	
0.0382362	0.149769	0.335898	0.735559	-0.0976181	-0.0258609	-0.337487	-0.12565	-0.201905	
-0.284713	-0.0746555	-0.372826	0.29632	0.502606	0.0365289	-0.0497562	0.266293	0.318525	
0.0266414	-0.00446311	0.174805	0.0692017	-0.164203	-0.330958	0.612288	0.0735384	0.311756	
0.538453	-0.0381622	-0.0283133	-0.458598	0.153034	0.0247132	0.158863	0.0904585	-0.24152	
0.851038	0.223778	-0.0638003	
-0.399249	0.30049	-0.284534	
0.303223	0.0408363	-0.240616	
0.0164504	-0.181345	0.120174	
-0.0155128	0.126095	-0.674104	
-0.00959796	-0.0333786	-0.130676	
-0.0222499	-0.177694	0.489007	
-0.153652	-0.0577279	-0.359191	
0.178329	-0.37952	-0.182103	
0.0515694	
0.384101	
1.47029	
