0.491991	1.17581	1.10978	0.947176	-0.416753	-0.181342	0.768541	0.339364	-0.304389	
-0.390784	-0.850012	-1.13157	-1.42256	-1.22903	-0.676479	-2.1018	-0.462839	-0.0420831	
-1.57516	2.40943	-1.35889	-1.26324	-0.419975	-1.21385	0.89759	2.42252	0.572703	
-1.9598	1.05906	-0.844275	-0.849881	1.4225	1.37065	-0.499797	-0.788508	-0.0385027	
-0.855317	-0.429356	-1.28473	-2.2975	-0.685837	-1.23697	0.848042	0.366195	0.58846	
0.378712	-0.339744	0.954994	0.62264	0.795029	0.789292	1.63683	0.987224	-0.744439	
0.353772	-0.808532	-2.56544	0.56062	1.46407	-2.05558	1.35217	1.20531	-1.92187	
-0.113833	0.133874	0.418418	-0.631586	-1.26449	-0.61548	0.353801	-0.106105	-1.06317	
0.93674	0.98754	0.652361	-1.41276	-0.202794	1.52967	0.814202	0.827192	-1.14234	
1.24723	-0.0634784	-0.39499	0.483467	-0.361897	-0.797817	-0.42986	2.37067	-2.06468	
-0.256394	-0.194814	0.701284	-1.11788	-0.613162	-2.46493	-0.371619	0.533146	0.42826	
-0.402375	1.15474	-1.27534	0.971343	-1.12984	-0.320699	0.866486	-2.38983	-1.70846	
-1.08743	-0.0217528	-0.0473738	
2.19768	0.226067	0.506735	
0.105474	-2.42767	-0.681285	
-1.37554	2.04504	-0.0786718	
-1.81712	0.897327	-1.33458	
-1.45041	-1.60297	-0.40678	
1.46532	-0.503313	-0.0453067	
1.22924	-0.643799	0.142169	
1.45598	-3.07732	1.43175	
0.200977	
-1.22074	
-0.412197	
