0.156997	0.264908	0.00178595	0.0289393	-0.533326	0.17123	0.0609331	-0.249585	-0.208776	
-0.121381	-0.189049	-0.0297365	0.49184	0.111799	-0.499976	-0.277293	0.118155	-0.0857177	
0.0889548	2.40943	0.0127767	-0.570371	0.393732	0.0199484	0.559956	0.423981	0.0169235	
0.0552464	0.172212	-0.383312	-0.148979	-0.0426964	0.260575	0.303566	-0.674026	-0.0632945	
0.376028	0.4297	-0.574363	0.406741	0.377227	-0.567748	-0.465008	-0.00239409	0.480877	
0.163393	0.317384	0.552259	-0.176117	0.56732	0.102726	0.0971724	-0.108762	0.114598	
-0.520959	0.0533548	-0.0776864	0.0546992	0.367788	-0.390346	0.181067	-0.228787	0.179491	
0.48561	0.0531809	-0.323713	0.0455069	0.437783	0.0210245	0.0898008	0.190509	0.504538	
-5.87502e-05	0.359496	0.0158413	0.129461	0.0283634	0.0151272	0.102029	-0.0654301	-0.362788	
-0.0297965	0.118439	0.110486	-0.186246	-0.616161	-0.162316	0.195099	0.153471	-0.0986862	
-0.749827	0.138346	-0.224024	-0.0671564	0.393005	0.286077	-0.559953	0.0347109	0.424666	
0.537071	-0.270994	0.767722	0.0826249	0.809414	-0.194583	0.0653832	-0.299518	-0.258417	
-0.535994	0.541532	-0.0591004	
2.19768	-0.321696	0.487361	
-0.610135	0.362053	-0.0488134	
-0.178688	-0.147077	0.0105664	
0.38201	0.273859	-0.172655	
-0.170138	-0.0566351	0.212178	
-0.468155	-0.292493	-0.363736	
-0.466453	0.256886	-0.232248	
0.0635322	0.297751	0.109088	
-1.059	
0.415581	
0.0199864	
