0.491991	1.17581	1.10978	0.420816	-0.416753	-0.181342	-0.870395	-1.05356	-0.304389	
-0.390784	-0.850012	-0.86456	-0.0821458	-1.22903	-0.676479	-2.1018	1.11711	-0.0420831	
-1.57516	2.40943	-1.29812	-1.26324	-0.419975	-1.21385	0.923627	0.268722	-1.47787	
-1.9598	1.05906	0.73293	-0.849881	1.4225	1.37065	-0.499797	1.51061	0.0644998	
-0.855317	-0.429356	-1.28473	-2.2975	-0.685837	-1.23697	0.848042	-0.556701	0.58846	
0.378712	0.45884	0.101335	-0.0698948	-0.260502	0.789292	1.63683	1.01951	-0.744439	
-0.168765	-0.808532	0.265552	-1.07284	1.46407	-0.0377864	1.35217	-0.888547	-1.92187	
-0.613705	0.361684	0.418418	-0.0277369	-1.26449	-0.61548	-1.5415	2.33535	1.09575	
0.93674	0.98754	-0.100051	-1.41276	1.54734	1.52967	0.814202	1.48087	-0.484477	
-0.102638	-0.0634784	-0.13495	1.3577	-1.54414	-0.797817	-0.42986	-0.411043	0.384444	
-0.717369	-1.55084	2.44666	-0.328868	-0.890531	-0.77495	-0.371619	0.533146	2.11719	
0.897719	1.15474	-1.27534	-0.594268	-1.36218	0.408199	0.866486	-2.38983	-1.70846	
-0.531647	-0.0217528	0.589188	
2.19768	0.226067	-2.84837	
-0.860174	-2.42767	-0.681285	
-1.37554	1.90462	1.17554	
-0.176108	0.973475	-1.33458	
-1.45041	1.13164	-0.40678	
1.46532	-0.993109	-0.0453067	
1.22924	-0.643799	0.142169	
1.45598	0.180603	-0.503088	
0.200977	
-1.22074	
-0.412197	
