1.21139	0.221291	-0.171558	-0.371243	0.209845	-0.0454149	0.321321	0.3194	-0.631671	
0.0144749	-0.225121	0.212607	-0.487994	0.300549	0.0921332	-1.46598	0.0598187	0.255614	
-0.253629	2.40943	-0.0364281	-0.326203	-0.419975	-0.588927	0.923627	0.144646	-0.0378836	
-0.22836	-0.343663	-0.168254	0.00104413	-0.421548	1.37065	-0.225619	-0.237062	-0.196664	
-0.0236099	0.282631	-0.0537555	0.178948	0.448562	-1.23697	0.274413	-0.162052	0.520851	
-0.267854	-0.339744	0.114334	-0.353895	-0.0271724	-0.569173	-0.342852	-0.367691	-0.272744	
0.0601855	-0.153966	-0.164974	0.447789	-0.816181	-0.247558	0.108614	-0.18596	0.152028	
-0.0235786	0.198856	0.147576	-0.276046	-0.0110852	-0.46646	-0.918685	-0.106105	-0.377509	
0.93674	0.308193	0.225789	-0.203371	0.151465	0.00884313	0.154315	0.152219	0.0824766	
0.56302	0.0384332	-0.0715344	-0.0542883	-0.217309	0.395519	-0.128916	-0.516701	0.520726	
-0.0783915	1.17157	0.000811407	-0.547333	-0.214744	0.116991	1.18832	-0.180935	-0.601902	
0.766864	0.00659006	0.27868	0.451693	0.731569	0.24613	0.329779	0.500174	0.253316	
0.105073	-0.390579	0.101889	
2.19768	0.150016	0.054414	
0.105474	-0.103806	-0.12248	
-1.37554	-0.317929	0.504271	
0.224429	0.352693	0.121509	
-1.01884	-0.25782	-0.424587	
0.289042	0.436719	0.0396454	
-0.0197494	-0.0394371	0.41183	
-0.430856	-0.272895	-0.191764	
0.299626	
0.0622515	
0.893958	
