1.34089	1.085	1.14119	-0.277591	-0.544337	-1.05029	-0.535878	0.0986477	0.625667	
-1.61824	-1.77438	2.05737	-0.401141	-0.0312796	0.737802	0.997765	-0.947257	0.218123	
1.21742	-0.718544	-0.144354	-0.134766	0.0935044	-1.21206	-2.26265	-0.934713	0.0361126	
-0.847969	-2.19273	1.9058	-1.2703	0.262706	0.863279	-0.732709	-0.919356	0.224008	
1.29874	-0.174483	1.95346	-0.113329	-0.950648	1.3607	-0.498762	-0.25348	0.384113	
0.303508	1.25702	-0.165683	0.98682	0.259015	-0.20723	0.169648	-0.439199	-0.767599	
0.637056	1.37122	1.75221	-1.20399	0.631437	-1.55755	0.988721	1.15619	0.127283	
1.03895	-0.440584	-0.283117	1.21263	0.882523	-0.502203	0.910002	-1.59819	0.261964	
-0.494321	-0.211674	-0.135047	0.00961174	1.79497	-1.02776	-0.768472	-0.991159	-0.0950786	
-0.908548	0.293196	0.177508	0.86209	1.05683	-0.379404	0.661713	0.144425	-0.533856	
-1.88257	1.29765	-1.19268	0.7153	-1.90732	0.370012	0.312662	1.59675	-0.18089	
-0.747944	-1.00774	-1.55898	0.717245	-0.155636	-0.92904	-0.111781	0.726164	0.0119876	
0.38843	0.350612	1.77605	
0.599966	0.848624	-0.313372	
0.130726	-0.169656	-0.299348	
-0.219785	1.19438	0.894443	
-0.462779	-0.458371	2.83484	
0.776635	-0.579294	1.02366	
-1.5511	-0.707276	1.00614	
0.331322	1.45301	0.856964	
-0.546726	0.103307	-0.00370488	
0.289153	
1.14285	
-0.256776	
