0.116645	0.428253	-0.0138626	-0.775377	-0.41222	0.261688	-0.216524	-0.160113	0.110908	
-0.127276	-0.0105745	-0.313406	0.16965	0.0784783	0.296173	-0.158585	0.124399	0.257388	
-0.382541	0.0290336	0.0154853	0.0595616	-0.252459	-0.111088	-2.26265	-0.0929285	-0.20034	
-0.0344029	0.417894	0.110541	0.538149	-0.179717	-0.904512	-0.25146	-0.0321153	0.446407	
-0.189937	-0.264943	0.29676	0.14965	0.0923545	0.0516601	-0.468685	-0.060117	0.0358835	
-0.282099	0.0721159	0.0166128	-0.331909	-0.132194	-0.486853	-0.390463	-0.0310598	-0.27019	
-0.361284	-0.274893	0.0472417	-0.100783	-0.225621	0.199353	-0.0156965	0.190976	0.359157	
0.189965	0.200816	0.474473	-0.0783142	0.0113497	0.0202758	-0.166439	0.00985407	-0.059136	
-0.218398	0.0357598	0.00679192	-0.328147	0.278283	0.233572	0.340654	-0.0128894	0.230756	
0.312201	-0.0722707	-0.202458	0.247229	0.282163	-0.0518087	0.672952	0.177367	0.0816009	
-0.0774377	0.0869727	0.256227	-0.651418	0.220824	-0.356707	0.614231	-0.0379465	-0.18089	
0.210848	0.227836	-0.330902	-0.0735103	-0.593244	-0.156377	-0.19114	-0.30012	-0.0777857	
0.246096	0.509592	-0.105711	
-0.25103	0.16947	0.0929838	
0.118373	-0.190506	-0.23889	
0.428063	0.28706	-0.329489	
-0.126154	0.558719	-0.170159	
0.431475	-0.117915	-0.342379	
-1.5511	-0.128218	0.10132	
-0.0580909	0.023119	-0.32395	
-0.114378	-0.289515	0.304308	
-0.100921	
-0.21298	
0.530085	
