0.108939	0.263286	-0.395915	0.343625	-0.415364	0.457731	-0.535878	0.0880422	-0.0669012	
-0.00839859	0.0385347	0.222096	-0.303737	0.22892	-0.0117827	0.350464	0.314385	0.126034	
0.212709	0.3173	-0.144354	-0.0634981	-0.302261	0.637482	-2.26265	0.106873	0.659342	
-0.847969	0.133284	-0.190964	-0.15351	0.264996	0.863279	-0.339842	-0.186221	0.668731	
-0.49208	-0.00424153	0.0198376	1.08484	-0.389501	0.355072	0.0260143	-0.0372628	-0.392064	
-0.309109	-0.0585562	-0.276955	-0.34903	0.300181	0.141703	-0.19585	-0.464592	0.36218	
0.467971	0.0101963	0.084398	-1.20399	-0.789499	0.260413	-0.0746932	0.263433	0.78266	
0.0383798	0.193627	0.159388	0.135621	0.29927	-0.000640246	-0.0190837	0.364682	-0.122246	
-0.648399	0.0329879	-0.0190761	-0.395069	-0.767826	-0.0993137	-0.115157	-0.991159	0.0941439	
0.24648	0.244474	-0.11835	0.0858293	0.144858	0.102386	0.187762	0.144425	-0.434898	
0.620842	0.00447213	0.279334	0.264279	-1.90732	-0.030655	0.312662	0.202097	-0.18089	
0.510652	-0.345713	-1.55898	-0.201805	0.0711373	-0.92904	-0.0330671	0.726164	0.162242	
0.38843	0.36879	-0.356823	
0.570454	-0.207465	-0.302094	
0.149114	0.158721	0.108361	
0.287693	0.247914	0.894443	
-0.413144	0.36824	-0.0795051	
-0.0596878	-0.00863919	-0.508716	
-1.5511	-0.0887462	-0.50502	
-0.14439	0.125574	-0.305811	
-0.329789	-0.340247	-0.159395	
-1.43517	
0.144453	
-0.256776	
