-0.580387	0.282271	-0.482731	-0.211107	0.542578	0.0242687	0.108123	-0.498652	-0.280157	
0.144945	0.0385347	-0.582662	0.0305465	0.0770485	0.0250291	-0.104972	-0.104496	0.223114	
0.193115	0.3173	0.192755	0.206038	-0.297265	0.166463	-2.26265	0.389262	0.241368	
-0.378672	0.0905418	-0.308777	-0.211973	0.423029	0.45076	0.0191817	-0.217012	0.0842753	
-0.329111	-0.33153	-0.0367488	-0.0197978	-0.196484	0.46068	-0.251009	-0.262058	0.0768854	
0.769728	0.642583	0.382189	0.28019	0.361786	0.713973	-0.301172	0.395	0.14921	
-0.0770495	-0.261177	0.276369	-0.0162846	0.0811245	-0.0529823	-0.0837726	0.314454	0.395202	
0.120329	-0.0250166	-0.00420354	0.00334457	-0.246127	0.219806	-0.1241	-0.0637972	0.185964	
-0.494321	0.171774	0.192124	0.244088	-0.00906859	0.151744	-0.115157	0.242972	0.313007	
0.0756692	-0.110938	-0.0299328	-0.177621	0.320719	0.0708865	0.249668	-0.00101367	-0.227202	
0.206137	0.231833	0.349126	-0.0480285	-0.112492	0.0921997	-0.418923	-0.380335	-0.0245554	
0.148511	-0.272103	0.385699	-0.198544	0.922747	0.233056	-0.0165763	-0.487595	0.347264	
0.38843	0.436096	0.231622	
-0.211246	-0.146565	0.212994	
0.149114	-0.176499	0.150249	
-0.248406	-0.548058	0.0713314	
0.0806802	0.469142	-0.275787	
-0.167497	0.503076	0.760853	
-1.5511	-0.503616	-0.686412	
-0.0835855	-0.33644	-0.440403	
0.127606	0.328542	0.306516	
0.323114	
0.475516	
-0.45758	
