0.108939	0.263286	-0.395915	-0.342709	-0.415364	0.459007	-0.535878	-0.0991447	0.258559	
-0.00839859	0.0385347	0.222096	-0.099178	0.408553	-0.0117827	0.350464	0.314385	0.126034	
0.212709	0.3173	-0.144354	-0.0634981	-0.302261	0.637482	-2.26265	0.106873	-0.357035	
-0.847969	0.133284	-0.190964	0.175318	-0.411018	0.863279	-0.554134	0.266336	0.668731	
-0.313686	-0.00424153	0.0198376	1.08484	-0.389501	0.165525	0.0260143	-0.262058	-0.392064	
-0.309109	-0.296228	-0.276955	-0.34903	0.300181	0.141703	-0.19585	0.0903169	-0.113088	
-0.481287	-0.306835	-0.362128	-1.20399	-0.789499	0.260413	-0.0837726	0.263433	0.78266	
0.243423	0.193627	-0.651801	0.135621	0.29927	0.061645	-0.0190837	0.364682	-0.122246	
-0.494321	0.213399	0.0156069	-0.140409	-0.00906859	-0.0993137	-0.115157	-0.991159	0.0941439	
0.24648	0.182757	-0.153039	0.0858293	0.144858	0.102386	-0.00893783	0.144425	0.254312	
0.620842	0.00447213	0.279334	0.264279	-1.90732	-0.030655	0.312662	0.202097	-0.18089	
0.510652	-0.345713	-1.55898	-0.201805	0.345957	-0.92904	0.0878544	0.726164	0.0119876	
0.38843	0.0388829	-0.506816	
0.570454	0.732487	-0.302094	
0.149114	0.235725	0.108361	
0.287693	0.0589102	0.894443	
-0.413144	0.36824	-0.0795051	
-0.0596878	-0.00863919	-0.366714	
-1.5511	-0.165985	-0.804951	
-0.14439	0.180169	0.0170842	
-0.329789	0.235205	-0.159395	
-1.43517	
0.144453	
-0.256776	
