0.156997	0.264908	-0.386922	-0.692608	0.323116	0.0382695	0.10804	-0.249585	-0.208776	
-0.121381	-0.189049	-0.0297365	0.49184	0.111799	-0.499976	-0.277293	0.118155	-0.0857177	
0.0889548	2.40943	-0.661284	-0.570371	0.393732	0.0199484	0.133695	-0.313793	-0.297404	
0.0554964	0.172212	0.130231	-0.148979	-0.0426964	0.260575	0.303566	-0.674026	-0.168225	
0.376028	0.4297	0.0884864	0.406741	0.377227	-0.567748	-0.465008	-0.00239409	0.480877	
0.163393	0.317384	0.552259	-0.176117	0.56732	-0.411425	0.0971724	-0.108762	0.114598	
-0.166224	0.0533548	-0.0776864	-0.0838596	0.0864066	-0.155758	0.181067	-0.228787	0.179491	
-0.0792253	-0.349541	-0.323713	0.0455069	0.437783	0.168306	0.0898008	0.103882	0.504538	
-5.87502e-05	0.359496	-0.632184	0.373481	-0.373602	0.0151272	-0.246323	-0.0654301	0.505608	
-0.0297965	0.118439	0.110486	-0.186246	-0.309707	-0.162316	0.195099	0.153471	-0.0986862	
-0.749827	0.826219	-0.224024	0.202853	0.393005	0.127733	-0.559953	0.0347109	0.424666	
0.537071	-0.270994	0.767722	0.0826249	0.120262	-0.194583	0.0653832	-0.179328	-0.258417	
-0.535994	0.541532	-0.0591004	
2.19768	-0.321696	0.487361	
-0.610135	0.362053	0.196959	
-0.178688	-0.147077	0.0105664	
-0.34311	-0.0297482	-0.172655	
-0.170138	-0.00585133	-0.136278	
0.349541	-0.292493	-0.363736	
-0.466453	0.256886	-0.232248	
0.0635322	-0.0830552	0.527402	
0.144519	
0.415581	
0.0199864	
