1.34089	1.085	1.14119	-0.277591	0.649382	-1.05029	-0.535878	0.0986477	0.625667	
-1.13902	-1.77438	2.05737	-0.401141	0.799589	0.737802	0.997765	0.022744	0.218123	
1.21742	-0.120034	-0.144354	-0.134766	0.0935044	-0.223243	-2.26265	-0.934713	0.0361126	
-0.847969	-2.19273	1.9058	-1.2703	1.5816	0.863279	-0.732709	-0.919356	0.446407	
1.29874	-0.174483	1.95346	1.08484	-0.950648	0.744832	-0.498762	-0.25348	0.753123	
0.303508	1.25702	-1.2052	0.843405	0.259015	-0.20723	-0.036559	-0.439199	-0.767599	
0.637056	0.628585	1.75221	-1.20399	0.631437	1.17295	0.988721	1.15619	0.78266	
0.140542	-0.440584	1.49927	1.21263	0.882523	-0.502203	-0.388383	0.392974	0.261964	
-0.494321	-0.211674	-0.135047	0.00961174	1.87883	-1.02776	-0.768472	-0.991159	-0.0950786	
-0.163143	-1.04664	0.177508	0.86209	1.05683	1.3669	0.661713	0.144425	-0.533856	
-0.482628	1.29765	-0.136593	0.7153	-1.90732	0.370012	0.312662	0.81372	-0.18089	
-0.622606	-1.00774	-1.55898	-2.27153	-0.155636	-0.92904	-0.111781	0.726164	0.0119876	
0.38843	0.350612	1.77605	
0.599966	0.848624	-0.313372	
0.130726	0.131714	-0.299348	
-0.219785	1.19438	0.894443	
-0.462779	-0.458371	2.83484	
0.776635	0.0728968	1.02366	
-1.5511	-0.707276	-0.0628854	
0.331322	1.45301	0.856964	
-0.546726	-0.795625	-0.00370488	
0.289153	
1.14285	
-0.256776	
