0.853442	-0.135464	-0.05679	-0.332129	0.203687	0.319767	0.0124294	-0.0288336	0.675542	
-0.102205	-0.293827	0.212607	0.344755	0.315831	0.288003	0.0755558	-0.458109	0.151538	
-0.142389	2.40943	0.0262194	0.222654	0.19309	0.455679	0.395106	0.0327682	0.111558	
-0.22836	-0.0328827	-0.787596	0.00239446	-0.112328	0.410294	-0.413617	0.474441	-0.144356	
-0.635443	0.155442	0.217814	-0.023687	0.153173	-0.0351854	0.802291	0.180193	-0.325441	
-0.0718658	0.256546	0.0383949	-0.280513	-0.128475	-0.266791	0.511759	0.193045	0.466823	
-0.154655	-0.148925	0.0842334	-0.0142428	-0.0886482	0.187081	-0.0222388	0.197489	0.166668	
0.144505	-0.0379798	-0.255015	0.0333438	0.256219	-0.354306	0.128886	0.476545	-0.223699	
0.0387226	0.559448	0.3603	-0.273447	-0.415731	0.298156	0.154315	-0.443739	-0.43756	
0.00670491	-0.100474	0.0448809	-0.132302	0.100579	-0.112768	0.143634	-0.23544	-0.245599	
0.200598	0.609566	0.206804	-0.162181	-0.324509	-0.214384	-0.210294	-0.310458	-0.177783	
0.0549214	-0.0807223	-0.114984	0.161993	-0.206501	-0.168509	-0.349846	-0.177188	0.295563	
0.0730938	0.167479	-0.269311	
2.19768	0.315954	0.054414	
0.421128	0.465509	-0.379487	
-1.37554	-0.260643	-0.157676	
-0.700806	-0.110289	0.131901	
-0.458602	0.168194	-0.141423	
-0.0712506	-0.352516	-0.179816	
0.180536	0.596431	0.873843	
-0.057646	0.450565	-0.582319	
0.999126	
0.514103	
0.0590612	
