-0.223501	0.193929	0.480954	0.0285431	-0.238743	0.0124134	0.0903392	-0.292032	-0.419365	
-0.0967423	-0.374487	0.165032	-0.459997	0.0784783	-0.00865272	0.288601	0.394209	-0.249215	
-0.42632	-0.35468	0.0539354	-0.363214	-0.252459	-0.335649	-2.26265	0.0599116	0.12732	
-0.196985	-0.0851587	0.358179	0.112653	0.556704	-0.447742	-0.474653	-0.213944	-0.157071	
0.308891	0.362587	-0.108894	0.504739	-0.832083	-0.19838	-0.468685	-0.19952	0.633983	
-0.218559	0.0721159	0.109027	-0.3353	-0.0855231	-0.0981898	-0.121166	-0.0424533	0.104121	
0.318175	-0.0219565	0.249497	0.451757	-0.0414774	-0.293116	-0.0156965	-0.449214	0.171098	
0.35329	0.198455	0.169727	-0.0856508	0.624713	0.0898474	0.124083	0.281371	-0.613	
0.304913	0.162307	-0.240542	-0.0706026	-0.0319177	-0.00138275	0.177867	-0.262365	-0.262048	
0.100659	-0.355919	-0.202458	0.163473	-0.0309232	-0.203122	-0.190625	-0.122306	-0.122724	
0.0912149	-0.526652	-0.288535	0.0160704	-1.90732	-0.356707	-0.151656	0.418006	-0.18089	
0.210848	-0.0444975	0.206543	0.102034	-0.0362311	0.185174	0.446664	-0.158156	0.523129	
0.21817	0.509592	-0.133892	
0.427642	-0.0499803	0.680393	
0.130726	-0.272211	-0.315817	
0.0540691	0.151709	-0.329489	
-0.511974	-0.228249	0.178571	
0.431475	-0.117915	-0.205696	
-1.5511	-0.119347	-0.336534	
-0.0130453	0.263214	-0.0105482	
-0.178903	-0.327603	0.657052	
-0.562191	
-0.21298	
-0.372583	
