0.250028	-0.135464	0.547438	-0.332129	0.203687	0.0450403	-0.122219	0.418997	0.675542	
-0.102205	0.538607	0.245361	0.507418	-0.12035	-0.209993	0.412006	-0.222507	0.151538	
-0.00406002	2.40943	0.0262194	-0.366731	-0.209758	0.246104	0.407451	0.0327682	-0.360478	
0.0791933	-0.0328827	0.263495	0.00239446	-0.112328	-0.31025	0.000982804	0.441528	-0.0569094	
-0.635443	0.139432	0.217814	0.0456252	-0.207476	-0.59658	0.802291	-0.273162	-0.259345	
-0.0718658	-0.0230587	0.125846	-0.280513	0.363879	-0.539365	0.276347	0.1026	0.466823	
-0.154655	-0.148925	-0.550602	-0.349235	0.687124	-0.267754	0.185123	0.197489	0.167639	
0.144505	-0.0379798	0.276132	0.0333438	0.166794	0.318199	-0.323291	0.316215	0.313255	
0.0387226	0.302904	-0.100963	-0.0568328	0.167005	0.215741	-0.194444	-0.443739	0.226493	
-0.267133	-0.527345	0.0448809	0.319266	-0.153776	0.06491	0.143634	-0.212747	0.451228	
0.0617873	0.284845	0.103681	-0.0343644	-0.0957293	-0.214384	-0.210294	0.0966482	-0.177783	
-0.274473	0.104775	0.0398325	0.119371	-0.00128416	0.0222019	0.346065	-0.46628	0.295563	
-0.687864	0.167479	0.448032	
2.19768	0.00608735	0.54881	
0.253594	0.402368	0.337927	
-0.458915	-0.167776	-0.157676	
-0.000363561	0.126043	-0.377671	
-0.458602	-0.173841	-0.424587	
-0.0712506	0.058121	0.0110631	
0.1932	-0.134653	0.368705	
-0.220786	-0.0181427	-0.427804	
0.0768037	
-0.0796523	
-0.0248393	
