-0.223282	-0.0952746	-0.395915	-0.342709	-0.415364	0.457731	-0.535878	-0.0991447	-0.658469	
0.026723	-0.0408314	0.222096	-0.156601	0.408553	-0.25908	0.0442305	-0.0925458	0.126034	
0.212709	0.3173	0.302823	-0.0634981	-0.752801	0.637482	-2.26265	0.149418	-0.236093	
-0.847969	-0.0549698	-0.190964	0.175318	0.264996	0.863279	-0.554134	0.266336	0.429941	
-0.313686	-0.230756	0.0198376	-0.0567537	-0.389501	0.145452	0.0260143	-0.262058	-0.392064	
0.0207982	0.2226	-0.276955	0.167286	-0.0920079	0.141703	-0.19585	0.0903169	-0.507467	
-0.481287	-0.306835	0.398426	-1.20399	-0.789499	-0.365158	-0.0837726	0.263433	0.78266	
0.243423	0.193627	-0.651801	0.135621	0.13002	0.061645	-0.0190837	0.364682	0.42691	
-0.494321	0.213399	0.0156069	-0.395069	0.617049	-0.0993137	-0.273826	-0.991159	0.0941439	
0.24648	-0.36116	-0.153039	0.0858293	0.144858	0.102386	-0.00893783	0.144425	0.254312	
0.620842	0.00447213	0.279334	0.264279	-1.90732	-0.030655	0.312662	0.202097	-0.18089	
0.510652	-0.345713	-1.55898	-0.201805	-0.300907	-0.92904	0.0878544	0.726164	0.0496201	
0.38843	0.0388829	-0.506816	
-0.0928433	0.732487	-0.302094	
0.149114	0.235725	0.108361	
0.287693	0.0589102	0.894443	
-0.413144	0.36824	-0.0795051	
-0.0596878	-0.119749	-0.0571135	
-1.5511	-0.165985	-0.804951	
0.171591	-0.256518	0.0170842	
-0.329789	-0.0464706	-0.159395	
-1.43517	
0.144453	
0.679343	
