0.13052	-0.103297	0.628606	-0.292939	-0.294263	-0.170802	-0.191995	0.238198	-0.247138	
0.0180176	0.282886	-0.186465	0.41436	0.0205584	0.193537	0.142503	-0.257439	-0.594846	
0.189653	0.154014	0.353908	-0.315942	0.119087	-0.32943	0.382996	-0.289197	0.173068	
-0.0230365	0.345629	0.244471	-0.0800869	0.293839	0.0491053	-0.0986742	-0.137016	0.0469867	
0.417848	-0.112629	0.451796	0.13589	-0.654026	0.0576685	-0.460079	0.290554	-0.215735	
-0.0919457	-0.192272	0.476974	-0.0288857	0.436057	0.532141	0.0201152	-0.843292	0.354857	
-0.185103	0.0805401	-0.356634	0.0888714	-0.0436089	-0.187335	-0.0336611	0.535457	0.415653	
-0.169465	-0.170816	-0.278012	0.0328891	0.0577039	0.0795073	0.322811	0.310978	0.230117	
0.543535	0.226529	-0.218022	-0.463262	0.420091	0.161361	-0.241039	-0.209983	-0.169119	
0.022254	0.386687	-0.112376	0.157623	0.0440528	0.448129	0.128705	0.0418452	-0.135784	
0.175517	0.0147792	-0.18054	-0.214078	-0.0743394	-0.316113	-0.226889	-0.0175785	-0.00672687	
-0.207019	0.0105517	-0.382101	-0.192507	0.522455	-0.228658	-0.199245	-0.130089	-0.220065	
0.0525707	0.068622	0.156356	
-0.0416061	0.478264	0.182561	
0.461491	0.0470127	0.499781	
0.0162719	0.125841	0.215277	
-0.241264	-0.819927	0.0508297	
-0.142343	-0.0250449	0.498103	
0.577175	0.0617173	-0.27855	
0.00786175	0.213426	0.324258	
0.427856	0.0785345	0.285761	
0.0595672	
-0.0973617	
0.0927265	
