0.482391	-0.148431	-0.409204	-0.270434	-0.341959	0.0292432	-0.274085	0.350454	0.533897	
0.188853	-0.0947849	0.385686	-0.417155	-0.0271661	-0.47866	0.421897	-0.0173469	-0.151162	
-0.0701434	-0.296741	0.199491	-0.241484	-0.374115	-0.348695	-2.26265	-0.0105884	-0.287451	
0.19824	-0.0411429	-0.329917	0.191211	-0.117927	-0.0809777	-0.0582146	0.177971	0.383084	
-0.174627	0.197188	-0.1221	-0.405299	0.310587	0.0876498	-0.162978	-0.426855	-0.0200578	
-0.181931	0.0431565	-0.130879	0.699312	0.121323	-0.0975012	-0.214851	0.397686	0.0500757	
-0.0985962	-0.392525	-0.0844714	0.142352	0.249059	-0.428265	-0.400752	0.217626	-0.164708	
0.358178	0.0796732	0.411273	-0.0721562	-0.0160035	0.0910097	0.0981314	-0.0533134	-0.129922	
0.085832	-0.020752	0.0195572	0.0245367	0.211682	-0.0543263	-0.296624	-0.00655249	0.246792	
-0.0908049	0.258873	-0.291542	0.126811	-0.151502	-0.182112	-0.215613	-0.190023	0.144758	
0.222631	0.190896	-0.151455	0.22823	-0.625526	-0.201491	0.615544	-0.166009	-0.335585	
0.310801	-0.527122	0.236243	-0.221738	0.12357	0.399438	-0.0310749	0.0773663	0.272961	
0.295756	0.0441673	0.281982	
0.822703	0.0162391	0.437796	
0.0587143	0.259426	-0.0438603	
-0.161199	0.0872189	0.156378	
0.292419	0.368253	0.158228	
0.458546	-0.0381387	0.270296	
-1.5511	-0.18141	0.314254	
-0.422779	0.704066	0.188448	
-0.565333	0.0472553	-0.305182	
1.17892	
-0.0330828	
0.193991	
