-0.102421	1.085	0.180406	0.107278	-0.298987	1.26277	-0.535878	-0.348801	0.625667	
-0.418946	-0.290949	0.352989	0.0152578	0.146319	-0.19305	0.44555	0.186435	0.448144	
0.0103968	1.24625	0.117984	1.50115	-0.0647366	0.198892	-2.26265	0.333717	-0.814507	
0.0194384	-0.0719486	1.9058	-0.206377	-0.0179983	-0.254123	-0.428716	-0.919356	0.851528	
-0.194501	-0.0436594	0.123063	1.18378	-1.18234	-0.288248	-0.0851517	-1.5155	0.00174184	
1.58717	-0.150135	-1.27244	-0.386044	-0.0603096	0.388904	-0.00221272	0.0913195	0.641517	
-0.203721	-0.0583106	0.300563	-0.198393	-0.141501	0.484401	-0.212691	0.242428	-0.93562	
-0.0575918	0.525873	0.0097416	1.16272	0.882523	-0.502203	-0.0872393	-0.587318	0.0324913	
0.0706686	-0.513002	-0.0733508	1.58446	0.288942	0.398098	0.0994887	-0.307559	-0.142232	
1.09201	-0.143045	-0.0296935	-1.42357	-0.460957	-0.0360759	1.14858	0.340585	-0.137103	
1.03134	0.31417	1.02667	-0.165825	-0.18348	0.370012	0.0136452	-0.0123988	-0.675949	
0.247081	-0.0149798	0.521456	0.325535	-0.302292	-0.314803	0.00644756	-0.171924	-0.293009	
-0.310541	0.391636	1.77605	
0.822703	-0.277245	-1.17181	
0.130726	0.100081	0.243531	
-0.219785	0.00655525	0.146253	
-0.462779	0.21912	-0.596546	
0.388743	-0.679	-0.122346	
-1.5511	-0.707276	-0.377168	
-0.171839	0.784466	-0.775448	
0.198178	-0.121192	-0.380689	
-1.53641	
0.377288	
0.241105	
