0.491991	1.17581	0.0903397	0.420816	-1.9391	-0.181342	-0.870395	-1.05356	-0.304389	
-0.390784	-0.850012	0.737402	-0.0821458	-1.22903	-0.676479	-2.1018	-0.462839	-0.0420831	
-1.57516	2.40943	-1.29812	-1.26324	-0.47843	-1.21385	0.89759	-0.729841	1.74174	
-1.9598	1.05906	0.73293	-0.688993	1.4225	-1.06869	-0.499797	0.659956	0.0644998	
-0.446485	-0.429356	-1.28473	-2.2975	-0.685837	-1.23697	0.848042	0.366195	-0.154314	
0.378712	0.45884	0.101335	-0.0698948	0.539056	-0.488866	1.63683	1.01951	-0.744439	
-0.770066	-0.968934	-2.56544	0.887146	1.46407	-2.05558	1.35217	-0.888547	-1.92187	
-0.613705	0.361684	0.418418	-0.0277369	-1.26449	-0.493118	0.353801	2.33535	-1.29481	
0.93674	-0.438039	1.63645	-1.41276	-0.414496	0.734265	0.814202	1.48087	-0.484477	
1.24723	-0.0634784	0.0117586	1.3577	-0.361897	-0.797817	-0.42986	2.37067	0.384444	
-0.717369	-0.194814	-0.346245	-0.328868	-0.613162	-2.46493	-0.371619	0.533146	0.42826	
0.0173062	1.15474	-1.89019	-0.594268	-1.36218	0.408199	0.866486	-2.38983	-0.396924	
-0.531647	-0.0217528	0.589188	
2.19768	0.226067	-0.981281	
1.54931	-2.42767	-0.681285	
-1.37554	-1.37243	-0.0786718	
-0.176108	0.973475	-1.33458	
-1.45041	-1.60297	-0.40678	
1.46532	-0.993109	-0.0453067	
1.22924	-0.643799	0.142169	
1.45598	-3.07732	-0.503088	
0.200977	
-0.635323	
-0.412197	
