0.116645	-0.144046	-0.250805	0.0285431	-0.238743	0.0124134	0.164852	-0.292032	-0.419365	
-0.0967423	0.490293	0.0178602	-0.459997	0.529812	-0.00865272	0.288601	0.394209	-0.249215	
-0.382541	-0.1018	-0.20893	-0.363214	-0.252459	-0.0311238	-2.26265	-0.408646	-0.252063	
-0.0249079	-0.608886	-0.0395731	0.112653	0.556704	-0.447742	-0.474653	-0.485352	0.248207	
-0.0397569	0.154063	-0.0195878	0.551508	-0.832083	0.0709905	-0.468685	-0.19952	0.633983	
0.107387	0.0721159	0.0166128	-0.463977	-0.0855231	0.163641	-0.057055	-0.192735	0.104121	
-0.158732	-0.268828	-0.187181	-0.100783	0.0893754	-0.381111	-0.0156965	-0.449214	-0.211506	
-0.102219	-0.330543	0.169727	-0.0195732	0.624713	-0.0883087	0.0287236	-0.0224115	-0.351921	
0.304913	0.495677	-0.240542	-0.0953764	0.157085	0.0881971	0.340654	-0.157139	-0.262048	
-0.23611	0.00410196	-0.202458	0.147768	-0.0309232	-0.203122	0.485023	0.104541	0.183755	
-0.295528	-0.526652	0.302156	0.0301612	-0.0981157	-0.356707	0.225568	0.418006	-0.0910713	
0.0371094	-0.514859	0.348522	-2.27153	0.123643	-0.237357	0.177184	0.114111	-0.0966658	
0.246096	0.274035	-0.133892	
-0.128031	-0.169672	0.680393	
0.130726	0.0213852	-0.333088	
-0.199273	0.0672638	-0.329489	
-0.307331	0.154695	0.178571	
0.426557	-0.117915	-0.205696	
-1.5511	0.0691327	0.482883	
-0.0733585	0.023119	-0.081514	
0.433285	-0.246957	0.657052	
0.116663	
-0.21298	
-0.58743	
