-0.300235	0.644809	-0.363807	0.741025	-0.170469	-0.390374	-2.07475	0.109682	0.213091	
0.405761	-0.678284	1.57235	2.85831	-1.3531	0.415343	0.0325801	0.039703	0.0993347	
1.60576	0.831457	1.16881	0.611021	0.484923	0.433144	0.672167	0.140067	0.423655	
0.260215	-0.158242	-0.969577	0.997174	2.06901	-0.953584	2.10881	1.54766	-0.48618	
-0.159642	-0.833528	0.141572	0.201195	0.46721	0.0635763	0.0949622	0.168186	-0.161804	
-0.74566	-1.01569	-0.272869	1.27999	0.239994	-0.0362089	-1.37151	-0.654278	-0.351788	
0.522023	-0.777653	0.153825	-0.207348	-0.221886	-0.398272	-1.6383	-2.5006	0.0198467	
-0.622494	-1.40906	0.26456	-0.544359	1.5824	-0.323644	0.31795	1.11148	1.90334	
0.131808	-0.247098	0.403033	0.531368	1.5239	1.27382	0.326103	-1.05504	-0.00397767	
-0.842558	-1.31009	-0.394009	0.471752	1.17622	0.275654	-0.628955	1.00974	-2.24197	
1.04659	-0.926533	-1.90528	-1.89084	0.368207	-0.954254	-0.213138	0.890456	1.18355	
-0.210235	-0.93	-1.57879	1.5924	-0.42307	-0.393937	-0.336342	0.185972	-2.60822	
-0.260968	1.13988	0.925225	
0.0145239	0.190967	-0.0476422	
0.488357	-0.997038	1.15622	
0.139844	0.157324	1.35468	
-0.403912	1.13618	2.00193	
0.463808	-0.74324	0.365221	
0.195852	0.215647	2.27803	
0.197972	0.551457	-1.4879	
-0.221583	0.644309	0.313432	
-0.0108381	
0.440954	
-1.21742	
