0.116645	-0.114278	0.0400364	0.0285431	-0.238743	0.0124134	0.0903392	-0.292032	-0.419365	
-0.0967423	-0.374487	-0.230208	-0.459997	0.0104124	-0.00865272	0.288601	0.394209	-0.249215	
0.0481721	-0.35468	0.0760144	-0.363214	-0.252459	-0.0311238	-2.26265	-0.408646	-0.279586	
-0.196985	-2.19273	1.9058	0.112653	0.556704	-0.447742	-0.474653	-0.213944	0.446407	
-0.0397569	0.154063	-0.0195878	-0.134996	-0.832083	0.031244	-0.575194	-0.19952	0.633983	
0.107387	0.0721159	-0.442087	0.383849	-0.0855231	0.433612	-0.390463	0.114663	0.104121	
0.0982639	-0.277846	-0.187181	-0.100783	-0.0414774	0.339112	-0.0156965	-0.449214	-0.211506	
0.189965	-0.330543	0.169727	-0.0195732	0.624713	-0.0883087	0.0287236	-0.0224115	0.104271	
0.304913	0.495677	-0.240542	-0.0953764	-0.365371	-0.00138275	0.340654	-0.157139	-0.262048	
0.100659	-0.0722707	-0.202458	0.00503907	-0.0309232	-0.203122	-0.190625	0.104541	0.183755	
-0.295528	-0.526652	0.302156	-0.481899	-1.90732	0.270946	0.242734	0.418006	-0.18089	
-0.202132	-0.514859	0.348522	0.102034	0.123643	-0.237357	0.446664	0.114111	0.0891037	
0.246096	0.509592	-0.133892	
0.218365	0.261642	0.680393	
0.130726	-0.211655	-0.333088	
0.275595	0.69944	-0.329489	
-0.307331	0.136885	0.178571	
0.431475	-0.117915	-0.205696	
-1.5511	-0.119347	-0.336534	
-0.0628091	0.023119	-0.0105482	
0.433285	-0.246957	-0.0999669	
-0.393995	
-0.21298	
-0.372583	
