-0.115327	-0.192535	0.0611061	0.193981	-0.0478012	-0.0378464	-0.242272	-0.0356357	0.0336674	
0.0603519	0.0864875	-0.116882	-0.0454261	-0.0676819	-0.203803	-0.215289	0.224135	0.111431	
0.144401	2.40943	-0.0113817	-0.474544	0.394732	0.0365655	-0.487855	-0.180784	-0.207681	
-0.280677	0.320336	-0.315024	0.442276	-0.194376	-0.219393	0.0541747	-0.722947	0.218949	
0.00370396	0.31396	-0.20394	0.109059	0.160937	-0.111149	0.0537295	-0.243799	-0.0202882	
0.394994	-0.258927	0.469638	-0.568781	0.186996	0.128037	-0.255106	0.359712	-0.246172	
0.126832	0.0254486	0.379854	0.0525565	0.129532	0.176473	-0.0437037	-0.222849	-0.241844	
-0.579354	-0.120944	-0.00624555	0.0906553	-0.392215	0.0789509	0.0266244	-0.287639	-0.369094	
-0.182477	0.105188	-0.441169	0.219151	0.125976	-0.428202	0.0461574	0.0314849	-0.186438	
0.220605	-0.45282	-0.0921868	0.147217	0.321942	-0.41133	0.316592	0.203021	0.223916	
-0.204133	-0.880033	0.563875	0.700727	0.173168	-0.126406	0.0932921	0.219717	0.46817	
0.281466	0.130619	-0.034267	-0.236443	0.197148	0.197425	-0.0909481	-0.0732433	-0.0157405	
-1.07672	0.015101	0.177266	
2.19768	-0.130012	-0.0697781	
0.21463	0.379626	-0.18323	
-0.410664	-0.206683	-0.713394	
-0.398371	0.0325227	0.309318	
-0.345745	-0.149299	0.500704	
-0.0747246	0.301893	0.179277	
0.372619	0.163342	-0.586874	
0.00716954	-0.0278077	0.79458	
-0.148389	
-0.553128	
-0.531738	
