-0.250594	-0.283866	0.126987	0.0363928	-0.415364	0.459007	0.121638	-0.0991447	0.530983	
0.925581	-0.218466	-0.26015	0.154925	0.408553	-0.0117827	0.350464	0.188008	-0.469853	
0.212709	-0.00651509	-0.144354	-0.137595	0.027955	0.637482	-2.26265	0.106873	-0.00582424	
0.0835275	0.160543	-0.190964	0.175318	-0.24831	-0.020173	-0.554134	0.266336	0.668731	
-0.313686	0.169684	0.591976	1.08484	0.424183	-0.343381	-0.494655	0.69752	-0.392064	
-0.188073	-0.011795	-0.276955	-0.0153582	0.174791	0.141703	-0.19585	0.0903169	-0.486238	
-0.394931	-0.284145	0.116678	-1.20399	-0.789499	0.260413	-0.0837726	0.263433	0.78266	
-0.289908	0.193627	-0.100138	0.0741801	0.101616	0.061645	-0.0195223	0.364682	0.238631	
-0.494321	0.0740009	-0.081073	-0.395069	-0.208874	-0.0993137	-0.115157	-0.242856	0.0941439	
-0.771492	0.182757	0.0961811	0.0858293	0.144858	0.102386	0.235677	-0.182301	-0.331496	
0.131423	-0.226539	0.279334	0.164901	-0.121228	0.0823192	-0.360635	-0.399408	-0.256008	
-0.0761371	-0.345713	-1.55898	-0.261341	0.491156	-0.641667	-0.566668	0.726164	0.201577	
0.38843	0.0388829	-0.177532	
0.570454	0.732487	-0.131653	
0.149114	0.235725	0.918557	
0.287693	0.715224	0.894443	
-0.281329	0.36824	-0.093004	
-0.0596878	-0.278725	-0.366714	
-1.5511	-0.165985	-0.68728	
-0.174759	0.180169	0.0170842	
-0.124869	0.235205	-0.130341	
-1.43517	
0.311671	
-0.256776	
