0.12286	0.775778	-0.384329	0.268477	-0.429417	0.266547	0.116748	-0.0898545	0.00261582	
0.0853495	-0.0678635	-0.323163	-0.367312	-0.201472	-0.206578	0.245293	0.0463319	-0.151162	
-0.0734062	0.268432	0.242141	-0.179834	-0.34801	-0.348695	-2.26265	0.261627	-0.287451	
0.0387724	0.1357	0.0942221	-0.172729	0.137566	0.22856	0.117894	-0.286451	0.309498	
-0.297478	-0.540987	-0.170156	0.18221	-0.135532	-0.195681	-0.662273	-0.426855	-0.160916	
0.0422985	0.0431565	-0.181008	-0.237057	0.352003	-0.166717	-0.252944	-0.0500386	0.585743	
0.249491	-0.392525	-0.155519	0.416053	-0.0984447	0.053011	-0.158545	0.217626	-0.0127518	
-0.295328	0.0796732	-0.330831	-0.0167726	-0.233147	0.0910097	0.172266	-0.517439	-0.129922	
0.0246742	0.0179623	-0.540582	-0.215708	0.211682	-0.430767	-0.556645	-0.0767934	0.0220516	
0.483132	-0.558619	0.737867	0.102848	0.107309	0.147648	-0.211089	-0.347908	-0.0571563	
0.186978	0.000572937	-0.347273	0.352724	-0.625526	0.0196065	0.615544	-0.166009	-0.354683	
0.0703552	0.177396	0.216059	-0.191003	0.272708	0.503257	-0.147207	0.176557	-0.113831	
0.235117	-0.26593	-0.379219	
0.361504	0.341438	0.0309997	
0.0664119	0.189418	-0.543961	
0.627307	-0.695694	0.123167	
-0.399887	-0.0339705	0.0968477	
-0.258137	-0.152136	0.292915	
-1.5511	0.279022	0.220105	
-0.0996711	0.704066	-0.16027	
0.0453103	-0.227731	0.00374541	
0.0392441	
-0.0330828	
0.549635	
