-0.288851	-0.663531	0.0260415	-0.302422	-0.25177	0.0683502	0.0160346	0.359668	0.399301	
0.578236	0.414331	0.674409	0.213507	-0.385433	-0.526344	0.203553	0.377062	0.188583	
-0.217111	-0.42462	0.249741	0.0228207	-0.61855	0.142517	-2.26265	-0.192503	-0.130861	
0.15854	0.0787797	-0.348069	-0.166999	-0.384123	-0.147865	0.104998	0.0185086	0.0296354	
-0.173296	0.141381	-0.436295	-0.197535	-0.236688	-0.130919	0.0459366	0.216141	-0.0910578	
0.132803	0.0786101	0.416214	-0.0205266	0.206791	-0.146594	0.305986	-0.042689	-0.454197	
-0.289484	-0.120609	-0.0938015	-0.345606	-0.08965	0.0253055	-0.168135	-0.53551	-0.28914	
-0.540386	-0.291908	0.0462502	-0.075249	0.308215	0.0377591	0.258113	0.706352	-0.0258944	
-0.112383	-0.0229066	0.478911	0.234481	0.281183	-0.368055	-0.0663933	0.0988461	0.224587	
-0.285319	-0.222474	-0.530866	0.234883	0.213318	-0.576729	-0.271434	-0.302098	0.211033	
-0.0733782	0.191559	-0.374578	0.107298	0.0214955	0.6814	0.239122	0.251995	-0.0398436	
-0.38371	-0.0750004	-0.635969	-0.115558	0.0247103	0.0833125	-0.201719	0.925415	0.156194	
0.209671	0.427618	0.204167	
0.111802	0.620691	-0.0348176	
-0.296566	0.536845	-0.0332333	
0.340869	-0.0450451	0.0303399	
-0.193143	-0.00595682	-0.417266	
0.0190294	0.0178217	-0.480305	
-1.5511	-0.306374	-0.342025	
0.429136	0.585448	0.249494	
0.00604762	0.0668341	0.0748265	
-1.14886	
-1.49153	
-0.723181	
