0.566357	0.102409	0.0157892	0.700347	-0.465443	-0.108205	0.550777	-0.414151	0.202016	
-0.365274	0.0399499	-0.493719	0.226299	-0.333404	-0.181904	0.110388	0.164223	-0.131266	
-0.0371121	0.130015	0.176389	0.371791	-0.403593	0.313216	-2.26265	-0.265077	-0.276181	
-0.0915181	-0.127257	-0.0682772	0.0543883	0.074234	-0.24726	-0.0993341	0.0989966	-0.531468	
0.283039	0.399731	-0.0691478	-0.0709805	0.488685	-0.632358	-0.0906104	0.38581	-0.357607	
-0.100493	0.0747767	-0.380874	0.290313	-0.159372	-0.0413529	-0.08456	-0.0500386	0.306858	
-0.0985962	-0.392525	0.635616	-0.131769	-0.416679	-0.385071	0.118779	-0.354966	-0.0223915	
0.0261889	0.334948	-0.28221	0.277836	0.453758	0.0335104	-0.011976	0.379062	-0.280767	
-0.19512	-0.0551985	0.428326	0.327037	-0.11468	0.0199484	-0.264482	0.119795	0.787268	
0.0516317	-0.0862249	0.101512	0.0722575	0.0953	0.173659	-0.311738	-0.0636869	-0.181854	
-0.0648012	-0.132201	-0.0572926	0.176532	0.138493	0.331697	0.00206686	0.113536	0.139359	
-0.383309	-0.239208	0.439458	0.32761	0.1752	-0.0334089	-0.0923508	-0.232603	-0.350925	
0.187293	0.60085	0.403058	
1.08565	-0.0625843	0.142869	
0.0262508	0.0796699	-0.0288578	
0.257961	0.457895	-0.569226	
0.418359	-0.392642	-0.247094	
-0.55191	0.114578	0.683003	
-1.5511	-0.377774	-0.0153603	
-0.0423338	-0.0362203	0.216596	
-0.464388	0.496623	-0.164327	
0.265379	
-0.699479	
-0.66389	
