-0.336781	0.221291	-0.171558	-0.469247	-0.17445	-0.0454149	0.321321	0.3194	-0.631671	
-0.393884	-0.293827	0.212607	-0.487994	0.300549	0.0921332	0.135555	0.343139	0.255614	
-0.120218	2.40943	0.0633761	-0.326203	-0.419975	-0.588927	0.923627	0.186469	-0.0378836	
-0.22836	0.439747	-0.168254	-0.307516	-0.0669108	1.37065	-0.306448	0.138979	-0.196664	
-0.0236099	0.181957	-0.0537555	-0.240186	0.448562	0.271731	0.274413	-0.355804	0.520851	
-0.267854	-0.000409825	0.270328	-0.353895	-0.0271724	0.143929	-0.342852	0.282019	-0.386008	
0.0601855	-0.153966	-0.164974	-0.22142	0.169092	-0.252754	0.108614	-0.843498	0.130798	
-0.0235786	0.198856	0.147576	-0.373145	-0.0110852	0.0793782	-0.918685	-0.106105	-0.213102	
0.93674	0.308193	0.225789	-0.0527738	-0.0715656	0.00884313	0.154315	-0.349334	-0.168629	
-0.291286	-0.321839	-0.0715344	0.00313422	-0.217309	-0.0243251	-0.128916	-0.516701	0.520726	
-0.0783915	-0.0447383	0.000811407	-0.547333	0.0787072	0.535723	1.18832	-0.318357	-0.159677	
0.400571	-0.031773	0.0432808	-0.152076	-0.0427861	0.24613	0.168154	0.500174	-0.110433	
-0.305711	-0.390579	0.101889	
2.19768	0.150016	0.054414	
0.707009	-0.197398	-0.12248	
-1.37554	-0.317929	0.2556	
0.181056	-0.468075	0.121509	
-1.01884	-0.25782	-0.424587	
0.16109	0.436719	-0.26382	
-0.0197494	-0.0394371	0.558266	
-0.430856	-0.272895	-0.191764	
0.943372	
0.0622515	
0.0327109	
