-0.115327	0.549904	0.0611061	0.193981	-0.0478012	-0.111415	0.484692	0.0859477	0.0336674	
0.484138	-0.123967	-0.116882	-0.0454261	-0.0676819	-0.203803	0.0986398	0.224135	0.111431	
-0.126796	2.40943	-0.0113817	-0.474544	0.394732	0.0365655	-0.319746	-0.180784	-0.207681	
-0.0283725	0.320336	-0.0396835	0.0259627	0.1824	0.35863	0.0541747	-0.722947	0.218949	
-0.425765	0.31396	-0.20394	0.105958	0.160937	-0.111149	-0.211054	-0.243799	0.0439716	
0.394994	-0.258927	-0.55521	-0.568781	0.186996	0.128037	0.534441	0.359712	-0.246172	
-0.542554	0.0254486	0.504058	0.0525565	0.129532	-0.0502162	-0.0437037	0.0789083	-0.241844	
0.296763	-0.120944	-0.121853	-0.127858	-0.392215	-0.199129	0.0266244	-0.287639	-0.369094	
-0.182477	-0.430126	-0.441169	0.219151	0.125976	-0.428202	0.0393238	0.353869	-0.186438	
-0.0783254	-0.101993	-0.0921868	0.147217	0.321942	-0.41133	0.316592	-0.00148082	0.223916	
-0.204133	-0.880033	0.563875	0.700727	0.173168	-0.207639	-0.516764	0.213907	0.46817	
0.281466	0.130619	-0.034267	0.178345	0.0272783	0.197425	-0.14896	-0.0732433	-0.0157405	
-1.07672	0.015101	0.177266	
2.19768	-0.0326582	0.0677322	
-0.644113	0.405214	0.177675	
-0.410664	-0.206683	-0.713394	
-0.494953	0.0325227	0.625268	
-0.345745	-0.561488	0.500704	
-0.0747246	0.301893	0.179277	
0.406152	0.163342	0.353302	
0.00716954	-0.101632	0.79458	
-0.148389	
-0.0886501	
-0.0425958	
